550 3000 2017
2773 2834 1566 1723 1769 210 1575 837 44 2013 1406 722 764 2724 2894 1993 1954 2205 2501 570 2249 1522 1267 1376 354 2203 525 913 2732 2969 1011 1403 2107 1853 1094 2433 2478 1640 2759 1646 1541 932 516 698 1123 171 899 2123 1304 2127 2004 1406 611 1593 2657 966 2006 2637 2 1660 929 1142 2583 135 1956 975 1837 1870 1543 2250 357 676 2381 2291 377 754 2784 1775 312 2764 2670 1514 412 669 477 1495 2826 1316 395 2884 1594 2027 1057 1988 32 693 512 886 1386 1593 1781 2014 1474 2108 969 1291 1190 1323 180 2665 407 913 171 2895 423 2854 2087 2700 478 201 2777 1598 2526 768 51 747 2686 2893 2824 2027 148 34 1086 205 2182 2384 1411 274 2739 2709 1286 2567 262 365 2624 2087 387 330 1226 2048 588 1494 872 652 1678 2504 1927 2099 72 2270 1171 2519 652 1266 1900 928 2289 1968 1506 873 928 1391 2926 507 390 2702 1003 1816 545 2640 1221 1675 566 2019 2025 2366 746 2038 2549 1484 223 921 2761 464 1314 2769 1975 422 1643 2116 2446 2864 2781 2722 933 2875 1342 1764 982 2260 721 1201 249 1621 626 2159 811 276 313 40 254 1478 2675 2429 2963 184 134 1198 1069 222 1292 2571 1888 2776 2441 2693 1218 2897 1872 1648 2625 2881 2858 1373 1725 1686 2185 91 1430 135 85 2126 2993 1185 1932 1939 2840 677 2999 2546 2328 698 19 637 879 815 2173 2008 2237 1628 770 1010 1994 1753 1790 2851 681 2574 931 1710 1083 2141 1884 2249 2263 614 1538 2082 616 1161 2687 2517 2135 1049 2881 875 2699 2711 593 2173 759 1956 1029 2761 2243 2235 699 1044 2925 1518 2751 1473 825 944 1119 2537 566 2299 468 51 2980 603 788 2686 723 1379 902 2869 2253 566 1205 2938 863 2368 145 1838 2291 2367 1890 927 1042 116 1807 859 1176 2710 390 1061 560 913 740 294 2243 1883 319 1501 331 2015 610 1226 2676 1006 865 1391 2405 186 1886 432 1451 405 787 2725 2999 1570 1993 2605 2353 2985 2576 2462 1837 2425 2568 2514 1717 1865 1112 2355 1047 727 268 579 1728 2101 1548 29 321 793 2219 1528 2426 1052 934 1229 1468 2374 1710 1007 1731 2368 2983 1323 1139 2401 209 1208 2338 629 1654 2512 1503 1042 1414 583 2402 2141 1352 756 92 1941 618 2670 920 2766 2226 2408 1274 626 93 1312 2382 66 2497 869 220 1243 887 663 1739 1703 19 1643 2108 1625 1014 1687 2081 93 491 2115 2509 446 289 585 2261 2146 681 2406 712 1788 248 2633 2003 345 663 499 1912 949 1025 888 479 63 1933 1829 885 434 2077 58 845 445 1302 1826 677 957 1481 1097 2242 1081 201 702 1694 1854 2318 33 57 2380 2609 2950 2285 2353 2393 1986 1583 2205 709 2253 1331 2566 2115 961 1471 2829 2705 715 1474 488 2642 2055 2582 2601 1043 1489 1909 719 1878 1369 2864 2795 350 670 565 2350 2885 14 2698 1001 547 812 1325 645 
1 2
2 3
3 4
1 5
3 6
6 7
2 8
8 9
1 10
7 11
3 12
3 13
9 14
4 15
3 16
6 17
5 18
14 19
8 20
6 21
17 22
16 23
21 24
20 25
24 26
25 27
9 28
3 29
7 30
28 31
15 32
16 33
2 34
20 35
34 36
21 37
37 38
37 39
26 40
30 41
13 42
24 43
37 44
19 45
38 46
36 47
11 48
21 49
16 50
31 51
48 52
45 53
50 54
36 55
39 56
19 57
5 58
42 59
23 60
40 61
32 62
58 63
1 64
21 65
25 66
60 67
2 68
21 69
39 70
53 71
18 72
8 73
26 74
3 75
55 76
54 77
73 78
32 79
70 80
75 81
74 82
9 83
70 84
64 85
33 86
40 87
57 88
67 89
85 90
71 91
45 92
82 93
46 94
76 95
40 96
21 97
75 98
97 99
19 100
29 101
49 102
55 103
97 104
63 105
39 106
33 107
9 108
66 109
48 110
105 111
5 112
112 113
54 114
81 115
61 116
104 117
12 118
31 119
100 120
44 121
121 122
45 123
4 124
39 125
88 126
16 127
103 128
89 129
86 130
34 131
86 132
1 133
53 134
44 135
66 136
76 137
124 138
101 139
139 140
101 141
44 142
60 143
131 144
124 145
103 146
103 147
117 148
131 149
135 150
86 151
116 152
118 153
88 154
91 155
70 156
109 157
128 158
65 159
75 160
136 161
120 162
122 163
111 164
161 165
157 166
34 167
31 168
142 169
87 170
1 171
118 172
97 173
159 174
108 175
59 176
72 177
55 178
134 179
52 180
150 181
15 182
117 183
164 184
105 185
62 186
64 187
160 188
174 189
52 190
6 191
94 192
9 193
88 194
62 195
90 196
46 197
166 198
140 199
151 200
196 201
141 202
152 203
23 204
180 205
89 206
119 207
114 208
122 209
90 210
27 211
60 212
21 213
6 214
28 215
122 216
189 217
40 218
47 219
53 220
28 221
216 222
11 223
214 224
166 225
191 226
203 227
146 228
126 229
112 230
77 231
14 232
80 233
108 234
225 235
59 236
141 237
77 238
164 239
141 240
235 241
94 242
179 243
95 244
169 245
141 246
234 247
58 248
66 249
172 250
177 251
153 252
233 253
233 254
146 255
106 256
38 257
42 258
104 259
3 260
63 261
81 262
20 263
208 264
257 265
41 266
215 267
112 268
115 269
160 270
244 271
130 272
83 273
129 274
249 275
131 276
160 277
84 278
263 279
66 280
249 281
145 282
225 283
254 284
76 285
181 286
252 287
246 288
273 289
51 290
285 291
161 292
195 293
199 294
252 295
122 296
23 297
153 298
84 299
111 300
36 301
112 302
78 303
132 304
27 305
219 306
140 307
265 308
216 309
255 310
148 311
240 312
24 313
305 314
17 315
277 316
69 317
69 318
10 319
152 320
174 321
244 322
143 323
310 324
264 325
2 326
143 327
4 328
10 329
83 330
192 331
23 332
167 333
280 334
247 335
116 336
281 337
140 338
289 339
335 340
184 341
223 342
98 343
137 344
232 345
127 346
4 347
74 348
76 349
128 350
82 351
10 352
103 353
310 354
315 355
31 356
60 357
75 358
112 359
235 360
2 361
118 362
157 363
347 364
44 365
297 366
146 367
28 368
359 369
1 370
334 371
38 372
183 373
150 374
318 375
318 376
234 377
321 378
247 379
334 380
225 381
351 382
3 383
196 384
163 385
237 386
210 387
46 388
85 389
16 390
215 391
34 392
167 393
382 394
49 395
302 396
39 397
13 398
378 399
284 400
203 401
71 402
4 403
102 404
231 405
295 406
365 407
47 408
53 409
305 410
377 411
60 412
340 413
203 414
27 415
404 416
11 417
33 418
359 419
388 420
242 421
404 422
151 423
77 424
9 425
390 426
297 427
86 428
400 429
358 430
21 431
353 432
127 433
422 434
103 435
299 436
271 437
325 438
214 439
349 440
392 441
350 442
129 443
342 444
29 445
151 446
2 447
202 448
197 449
412 450
138 451
351 452
11 453
32 454
206 455
342 456
152 457
165 458
437 459
89 460
39 461
130 462
114 463
29 464
201 465
113 466
341 467
211 468
359 469
93 470
160 471
290 472
229 473
434 474
346 475
380 476
128 477
59 478
332 479
418 480
90 481
128 482
4 483
82 484
24 485
365 486
135 487
172 488
268 489
240 490
412 491
333 492
292 493
448 494
37 495
357 496
403 497
453 498
181 499
324 500
475 501
471 502
435 503
283 504
427 505
302 506
279 507
116 508
1 509
462 510
104 511
249 512
210 513
419 514
355 515
372 516
373 517
240 518
15 519
469 520
109 521
435 522
299 523
355 524
411 525
429 526
31 527
8 528
244 529
94 530
280 531
287 532
451 533
245 534
24 535
226 536
394 537
498 538
145 539
5 540
60 541
191 542
482 543
150 544
310 545
489 546
148 547
343 548
454 549
507 550
388 55
477 418
211 271
2 27
373 74
481 20
74 260
258 15
389 223
109 11
308 176
98 450
275 109
450 246
233 267
225 501
25 236
467 153
28 493
138 400
521 452
285 419
438 145
402 541
55 515
11 544
73 351
330 473
211 79
42 151
389 311
342 350
43 124
550 446
428 266
308 38
224 133
371 229
303 480
520 357
257 110
79 312
454 506
501 203
283 119
327 194
120 371
87 63
30 512
288 419
70 443
384 71
327 546
135 472
150 507
158 397
438 140
497 441
309 501
406 428
439 228
249 42
136 402
466 435
234 352
18 134
357 295
90 545
456 173
355 502
368 491
449 216
4 444
313 158
140 437
334 216
130 357
223 66
276 285
222 474
469 142
426 96
257 438
188 500
410 57
448 205
243 159
499 246
273 352
135 465
509 109
336 1
309 353
85 218
55 56
238 157
22 243
134 328
531 75
191 32
38 411
201 317
390 174
362 325
241 103
455 321
494 17
255 319
14 101
39 283
85 456
380 427
348 452
485 202
515 452
16 346
231 157
240 371
550 25
351 299
29 525
166 462
95 34
166 151
510 78
260 261
339 37
366 440
90 197
529 255
414 305
472 167
107 227
287 283
375 541
544 434
275 285
501 43
412 190
253 545
335 482
194 134
234 259
488 236
522 452
212 225
337 261
76 435
232 256
207 419
64 277
174 394
139 377
59 166
20 526
148 215
430 536
36 183
198 69
21 354
48 264
487 528
308 237
443 303
182 389
382 341
128 143
211 409
80 187
414 415
156 370
289 173
424 140
355 357
106 140
295 13
313 137
78 84
344 73
518 527
425 110
148 233
353 190
227 108
203 237
504 524
487 159
329 515
295 250
356 349
59 368
142 269
176 64
509 373
228 486
284 225
213 45
545 85
522 394
199 1
468 223
506 359
505 170
265 335
130 526
77 156
69 257
363 537
174 397
293 47
346 296
128 117
472 543
62 363
412 253
187 231
337 54
18 169
16 52
91 475
361 438
395 220
462 336
132 39
172 430
428 86
389 302
56 386
356 196
313 8
29 224
506 492
545 374
106 417
69 334
375 311
433 47
125 269
375 189
356 37
294 360
547 353
184 40
244 64
149 531
212 462
389 290
312 23
228 70
475 133
143 196
351 417
219 320
167 478
271 277
464 267
80 198
108 226
341 387
169 484
12 539
293 166
537 35
405 449
256 184
161 294
178 477
376 134
84 66
371 537
293 496
55 391
111 454
501 169
131 178
117 95
134 263
278 528
148 155
194 190
223 321
393 64
25 291
258 548
356 101
412 36
28 58
545 341
64 116
19 306
68 457
454 191
350 106
26 503
55 403
125 53
442 271
549 299
311 9
375 414
61 180
482 279
74 440
222 61
511 267
394 283
345 455
69 53
522 46
378 447
302 223
178 74
8 500
461 127
328 11
92 321
217 100
277 38
475 299
528 548
487 207
26 420
135 428
220 74
306 100
349 63
151 314
270 155
93 180
482 454
379 196
360 404
216 14
10 349
318 497
322 144
469 229
118 95
318 93
453 133
21 472
107 537
18 200
405 383
250 92
468 373
443 243
103 28
520 203
37 266
188 86
369 43
179 118
511 229
525 336
397 35
182 15
338 436
399 431
57 390
138 124
475 434
178 450
525 481
196 32
42 472
495 243
334 201
319 15
549 393
209 402
403 408
146 199
363 362
140 377
351 142
315 439
148 330
21 24
108 542
75 180
402 301
546 504
455 212
286 335
94 143
470 12
527 93
15 187
196 32
341 202
3 421
116 52
203 346
403 65
78 361
316 179
360 401
424 242
271 228
52 518
162 432
204 373
41 376
471 284
279 10
300 459
476 375
321 159
74 50
16 326
269 99
5 236
316 388
441 406
276 125
421 361
173 142
186 40
123 381
424 516
97 528
11 291
192 433
87 176
498 328
298 105
455 190
540 282
170 324
270 535
348 20
405 398
64 277
317 300
152 112
226 484
202 146
12 186
489 340
185 45
382 480
398 419
172 209
132 372
26 339
532 94
220 68
79 276
146 319
92 20
230 453
27 380
331 246
285 465
360 492
227 128
22 256
9 415
316 235
84 53
38 545
487 34
112 439
181 231
465 51
186 422
75 358
404 205
46 539
90 46
67 280
24 132
228 253
472 176
299 442
481 10
270 486
345 218
10 66
58 452
167 103
317 537
42 443
312 549
205 82
184 287
273 380
510 352
304 268
200 493
402 323
13 420
34 470
459 200
242 499
353 242
188 222
285 250
277 408
466 391
159 521
282 415
250 234
72 344
300 83
207 516
146 104
91 484
429 92
76 385
33 86
405 506
99 136
179 90
55 370
130 488
240 95
496 305
450 482
331 249
322 241
463 100
153 256
410 546
176 172
5 408
284 109
126 309
309 192
22 108
328 541
391 449
456 94
217 133
166 212
361 253
532 254
239 443
197 185
86 435
312 502
499 376
11 66
180 173
94 166
444 363
478 452
100 11
60 458
12 402
424 29
445 348
507 80
46 382
225 94
372 25
449 70
158 4
136 18
387 109
202 516
422 204
464 282
421 367
183 241
277 354
74 487
112 248
514 295
74 413
35 224
288 96
81 514
474 347
333 293
531 169
335 200
345 407
242 73
258 2
187 215
387 25
481 505
14 427
154 357
192 87
145 189
530 135
173 236
504 332
445 452
108 215
394 44
427 399
23 373
450 422
356 498
92 470
433 285
138 218
499 24
31 213
374 109
489 221
10 374
313 80
169 472
55 230
104 303
97 486
423 321
124 276
478 409
325 156
70 360
345 321
474 283
147 277
250 285
217 240
349 77
195 335
7 425
409 389
26 115
110 32
24 426
24 137
309 114
277 536
169 112
209 233
75 72
79 66
481 249
194 349
261 213
123 514
227 21
131 524
135 18
32 520
99 112
517 66
122 314
150 475
344 443
281 357
448 428
373 478
66 498
148 514
295 446
382 341
253 164
495 423
320 213
62 295
354 402
370 20
418 42
461 175
292 296
357 183
278 170
158 222
287 530
62 46
96 276
532 98
460 296
138 1
30 104
452 225
433 132
173 372
393 424
535 314
519 70
114 515
271 150
117 508
249 342
437 323
231 431
216 76
296 418
238 312
504 493
441 382
381 58
165 377
483 312
476 395
511 93
35 225
465 252
384 355
158 494
148 184
455 143
317 320
475 484
440 481
519 194
272 299
502 166
377 343
396 14
385 540
13 92
484 427
256 107
304 126
8 80
383 160
258 104
383 420
234 545
177 78
469 438
421 300
544 540
403 67
503 228
502 184
185 443
56 162
339 514
466 252
26 29
474 184
284 60
336 267
543 203
99 47
20 409
25 546
50 116
500 109
303 445
54 166
242 374
120 73
47 289
266 162
548 179
184 85
363 203
499 313
427 109
415 267
224 287
478 23
527 275
81 31
508 457
54 233
440 457
508 150
502 341
518 136
257 323
400 49
378 476
467 153
183 377
261 199
450 149
275 247
355 233
408 238
88 356
416 522
161 116
528 418
276 402
380 463
295 351
472 447
97 251
151 319
510 523
72 439
441 541
19 513
134 321
106 459
181 215
179 165
318 291
5 311
195 246
482 257
234 484
181 213
378 536
470 484
306 76
75 525
225 173
225 218
148 186
23 80
474 324
493 159
85 284
352 23
270 119
440 208
137 110
346 205
546 435
140 247
59 482
206 268
348 337
301 10
469 206
23 325
333 171
305 34
396 535
432 252
18 163
10 57
4 51
189 216
528 370
537 229
111 452
50 240
396 25
437 145
387 543
80 431
102 92
524 173
532 397
550 170
341 416
360 343
151 355
205 403
76 509
284 341
507 530
402 416
386 261
498 22
232 439
279 138
414 408
467 100
33 418
24 94
545 288
54 105
368 244
217 493
324 224
112 39
508 259
202 263
478 1
347 527
269 106
182 93
158 235
398 130
487 2
80 58
454 331
486 280
442 367
161 405
409 430
517 180
415 231
67 240
246 466
537 441
297 83
99 521
222 493
409 418
355 211
29 225
496 238
354 306
272 140
86 265
157 229
488 533
466 186
492 212
421 428
286 181
287 544
281 181
384 263
122 28
467 181
452 14
52 291
410 415
536 408
64 155
462 269
108 239
432 130
203 168
136 205
373 26
147 429
161 14
222 427
81 379
172 474
15 217
123 294
127 446
200 407
370 516
390 398
7 246
257 85
384 139
377 183
239 241
186 108
213 277
86 435
48 297
6 336
75 336
199 115
162 479
453 396
431 32
538 446
176 96
137 340
450 427
298 412
482 86
336 453
242 341
210 179
328 269
525 380
217 227
434 390
530 199
285 37
109 236
313 543
282 351
37 329
158 127
210 460
218 540
463 234
481 397
102 259
502 387
172 450
457 338
339 547
289 317
38 508
157 529
421 483
221 545
177 538
479 258
73 109
38 161
202 433
4 129
102 532
549 116
541 255
202 376
264 172
229 134
459 104
109 179
290 128
435 77
79 450
293 227
305 223
209 328
543 188
52 124
290 227
505 179
499 387
473 318
205 76
501 441
496 429
76 460
98 336
177 65
217 53
160 437
338 549
532 461
446 213
8 232
246 36
257 439
246 373
436 270
533 357
64 156
453 292
279 27
162 66
112 132
452 358
518 375
61 31
311 539
373 74
382 341
389 166
63 453
88 218
65 55
22 459
160 466
167 335
503 2
220 542
499 230
267 216
265 292
115 348
354 295
405 536
146 60
4 25
181 165
100 426
169 495
163 126
438 52
283 113
92 536
292 138
491 65
96 137
297 306
412 179
191 338
245 27
121 312
487 335
81 542
208 270
77 164
304 502
395 35
344 144
302 168
455 274
252 302
543 36
434 282
282 296
446 103
315 145
516 237
44 468
156 130
44 220
186 512
75 195
221 43
232 352
152 143
520 156
28 264
500 157
142 186
441 211
411 512
107 382
322 54
92 10
332 210
191 380
367 509
263 313
335 412
465 119
21 34
123 68
440 293
42 379
335 516
94 111
68 296
65 100
376 169
279 497
359 276
305 317
54 38
290 296
50 152
315 433
252 152
428 366
135 511
284 358
69 301
299 337
175 226
252 174
356 16
393 466
388 123
208 97
443 435
96 116
8 227
88 409
493 296
224 199
361 329
542 487
392 120
196 29
390 531
354 477
370 482
507 315
306 108
359 438
7 97
310 278
212 280
263 446
213 247
321 117
223 413
388 157
36 269
400 506
364 180
541 287
89 214
347 427
487 510
140 502
397 441
432 484
427 108
70 176
151 435
397 102
470 20
260 41
274 304
160 320
124 350
287 223
394 265
325 471
494 434
348 275
77 493
476 421
11 535
327 512
377 83
98 204
198 301
533 360
293 372
346 291
327 408
20 307
543 230
42 473
520 472
71 216
56 507
281 540
519 336
54 352
205 191
541 51
150 361
423 18
404 195
546 353
441 511
335 427
225 143
166 299
119 443
299 186
267 369
288 26
199 501
322 256
248 297
381 439
340 331
326 154
17 548
320 104
480 192
433 19
253 80
318 343
173 6
55 233
60 411
41 392
513 206
492 418
43 146
526 264
319 496
261 416
536 451
378 396
51 7
65 35
539 390
408 117
229 392
353 414
144 542
320 240
81 287
412 348
487 225
434 286
92 53
270 258
324 530
154 242
173 435
191 425
154 447
482 530
206 326
408 507
470 537
459 265
122 549
14 205
8 128
253 233
129 236
74 246
140 200
298 138
127 463
33 224
14 446
385 42
339 337
304 216
406 386
392 362
494 26
182 329
46 187
98 194
111 320
202 262
74 486
32 247
56 418
22 444
284 246
505 77
221 330
231 151
42 114
109 179
355 341
173 293
269 79
458 177
499 56
339 286
157 334
432 164
478 3
40 84
281 354
12 159
78 450
62 384
71 23
206 125
424 58
345 404
370 70
54 90
243 535
483 250
298 150
106 331
343 175
539 209
75 159
329 26
192 450
475 218
488 539
143 360
228 414
294 514
473 465
493 369
262 170
254 98
55 63
236 76
394 253
90 329
163 421
417 34
378 6
118 91
474 159
452 476
391 54
485 345
178 511
374 104
47 132
312 44
27 241
6 355
36 174
501 374
434 521
159 203
41 135
8 138
16 258
237 366
434 63
452 349
383 361
460 331
422 418
66 547
141 195
387 228
467 438
536 368
422 285
185 535
320 44
149 445
82 50
51 366
18 352
216 126
45 528
4 18
150 398
281 365
205 260
350 298
131 132
288 523
327 44
167 550
207 366
247 97
16 120
35 101
451 118
202 411
200 231
111 166
277 465
72 326
286 259
108 455
537 300
512 278
55 340
211 446
516 388
413 156
143 166
387 191
288 538
455 69
344 527
289 427
428 301
227 166
329 57
305 252
499 198
78 125
259 164
327 26
147 273
377 308
116 538
487 457
191 108
405 266
321 252
332 31
282 467
517 213
160 511
393 327
329 165
458 17
287 225
410 318
48 342
270 16
311 547
468 235
273 401
350 381
316 77
88 244
5 261
422 485
95 2
487 197
485 88
398 180
381 230
494 540
213 289
482 173
289 392
52 325
319 79
296 210
396 251
240 28
138 322
284 406
417 482
381 230
318 9
59 531
28 14
31 352
397 49
65 63
185 14
29 27
261 162
183 515
101 47
427 149
261 29
154 509
333 178
297 226
191 39
93 158
328 405
177 268
181 179
212 225
479 96
461 277
110 343
271 274
188 26
255 315
127 188
484 266
32 427
282 518
460 386
218 130
358 534
405 549
326 462
171 223
114 342
509 254
21 159
204 213
188 91
252 388
89 110
14 175
190 404
117 318
382 547
325 511
487 124
12 20
172 57
519 97
111 180
258 537
460 166
117 375
213 187
46 444
269 277
550 222
122 108
104 241
132 260
388 538
419 440
463 241
533 391
64 71
100 265
78 126
389 296
545 348
252 529
504 310
464 168
71 87
263 212
363 334
290 432
404 241
345 185
523 87
424 153
272 3
459 509
307 114
182 406
460 457
3 128
263 256
383 199
492 502
211 417
522 305
157 186
139 385
424 472
435 530
332 472
204 399
261 227
323 245
122 44
504 257
231 148
445 160
46 159
47 97
395 291
405 483
449 278
161 498
521 488
2 178
278 117
336 445
485 512
253 245
171 245
306 352
307 546
344 488
170 81
208 118
403 163
211 311
143 141
257 528
382 240
353 285
105 298
68 147
196 63
48 458
287 406
214 30
265 135
4 300
130 152
99 28
168 171
105 312
92 465
237 285
97 413
301 119
521 498
447 306
279 53
176 256
21 78
196 409
338 52
73 112
548 485
113 485
369 91
395 295
46 215
544 463
505 167
448 520
262 358
347 340
22 130
59 498
421 156
389 423
147 58
238 194
389 16
497 366
62 456
167 114
534 479
462 54
415 179
496 171
493 309
140 319
217 213
505 54
396 503
3 141
62 357
302 99
33 354
335 296
297 109
532 410
343 68
223 266
254 326
518 338
405 158
285 321
523 348
175 529
263 212
64 426
247 324
525 291
3 284
531 299
37 213
454 535
225 469
464 56
472 351
326 72
200 98
164 148
73 73
451 528
22 181
353 128
111 157
267 520
180 481
191 97
91 327
283 227
206 341
427 130
71 443
246 56
395 420
24 246
399 293
333 285
448 363
270 160
274 181
41 200
296 359
472 547
110 45
18 452
163 469
538 510
191 511
429 402
315 298
53 295
224 395
528 252
346 490
484 520
366 296
185 463
139 444
40 550
491 103
437 130
345 460
60 216
286 274
211 108
64 419
373 474
435 350
206 163
165 48
187 350
133 37
133 455
362 314
159 62
8 351
460 509
217 397
79 334
72 358
545 119
524 123
93 193
296 493
180 116
497 496
155 162
444 253
476 318
195 255
298 2
65 184
336 155
252 518
111 166
11 328
327 262
374 94
459 145
198 326
280 445
48 69
151 16
81 327
526 116
512 246
413 202
529 315
195 134
284 202
163 530
503 340
299 31
169 153
368 24
496 347
472 112
185 393
107 388
457 88
27 506
365 189
311 446
105 159
538 540
547 404
178 374
36 128
392 317
58 51
540 169
154 227
375 430
69 98
124 117
27 504
512 414
71 227
522 384
534 423
273 522
232 351
186 249
103 243
444 430
38 240
529 322
217 140
297 495
191 343
12 509
255 382
502 547
237 24
410 546
512 139
154 454
174 528
151 251
25 182
406 126
163 230
526 238
421 7
513 167
399 474
125 221
458 538
453 30
449 124
526 546
269 177
210 550
191 328
211 27
273 113
372 243
19 410
109 403
69 401
169 156
541 78
294 526
355 411
325 81
207 122
490 96
377 116
205 366
158 316
34 190
305 14
82 37
435 456
444 72
134 455
197 54
141 550
201 506
182 433
278 108
423 325
495 193
100 210
506 312
30 516
96 117
499 50
287 78
120 199
494 15
374 126
400 303
281 225
162 299
202 439
61 280
500 177
417 511
468 434
119 545
455 325
177 383
220 365
519 136
40 32
435 1
424 278
316 141
479 114
517 224
6 392
494 430
70 380
152 44
188 341
446 104
196 165
456 418
301 188
364 195
144 270
119 444
178 164
87 525
392 514
39 62
312 526
247 462
411 229
319 166
427 536
368 445
442 298
268 443
98 207
330 308
57 200
525 296
193 178
140 191
371 402
423 99
387 418
479 259
48 360
520 153
30 420
297 253
7 209
134 399
498 456
342 103
415 303
283 21
354 60
90 378
383 242
233 80
536 150
202 237
164 60
294 243
387 214
381 18
306 327
426 10
298 369
63 233
433 350
74 417
341 281
474 21
452 189
85 253
163 481
277 158
435 132
135 458
336 499
39 504
461 450
439 513
377 290
309 61
188 267
520 263
179 112
57 88
367 238
533 182
434 241
376 256
155 29
239 537
74 13
79 283
59 302
105 30
133 54
300 115
450 221
441 404
3 190
36 347
142 392
100 543
110 35
367 257
7 316
21 463
140 197
491 401
9 400
304 545
120 170
324 127
104 72
248 136
61 184
300 545
256 30
463 82
176 192
407 41
523 62
483 174
173 506
222 176
439 84
207 462
47 321
172 272
289 69
203 500
78 30
182 265
396 17
168 307
167 65
156 252
175 230
365 21
386 347
386 472
516 181
254 80
201 547
473 12
431 152
419 290
525 256
231 321
78 448
131 478
191 149
427 99
417 288
141 136
323 37
268 486
504 429
187 283
283 145
259 36
12 185
168 512
250 417
499 492
315 68
106 186
472 110
122 506
264 495
222 53
104 17
224 494
114 406
468 2
21 336
498 322
479 504
134 474
414 425
78 540
63 238
162 535
244 57
75 182
207 400
91 418
512 134
110 62
297 13
78 319
270 265
244 509
119 274
478 132
87 463
460 527
389 334
77 66
501 373
309 250
34 428
182 179
240 360
303 530
438 95
456 447
198 219
254 219
285 229
344 322
20 206
122 411
154 463
345 168
67 379
118 248
143 526
549 33
294 388
537 242
525 548
520 98
18 292
474 474
355 394
146 501
56 3
116 450
502 486
447 357
162 305
96 396
462 331
316 454
57 124
110 356
400 412
80 100
135 531
350 78
403 338
149 367
301 477
126 188
116 186
436 105
294 423
108 283
278 42
426 539
208 443
109 512
362 70
448 130
521 328
81 250
351 483
327 441
506 494
39 79
509 226
366 79
173 345
540 408
525 159
344 497
35 463
491 501
304 60
269 513
535 534
4 74
494 481
184 242
449 205
516 413
441 237
311 262
487 421
264 9
79 177
254 486
356 442
166 474
199 525
415 257
139 535
427 269
256 50
265 398
339 206
367 45
147 326
432 188
530 28
237 417
331 444
424 130
220 126
298 507
481 520
102 287
18 246
376 349
475 338
184 161
409 267
506 9
492 377
277 122
262 550
137 514
148 305
46 101
265 492
137 483
395 354
223 441
185 2
413 533
481 132
420 528
456 47
486 79
370 25
346 342
302 342
245 350
508 42
277 305
225 34
233 122
280 494
103 191
534 117
454 297
469 109
147 76
386 179
59 67
381 103
209 296
51 86
263 421
185 324
15 47
500 356
175 140
472 548
426 525
436 222
67 375
543 4
269 405
221 170
535 29
512 94
155 544
265 506
261 423
382 268
292 294
413 36
158 221
117 365
538 11
472 393
294 294
251 25
127 288
324 37
37 377
22 361
327 498
253 161
512 266
10 478
259 550
268 59
258 32
472 183
44 151
468 515
491 113
155 71
185 187
304 150
217 263
282 235
23 218
126 174
10 246
496 295
422 500
164 183
459 1
442 165
282 113
449 426
304 280
492 517
440 344
198 371
87 64
224 245
275 412
430 53
466 324
425 257
356 160
542 376
76 309
322 251
96 263
378 175
529 500
397 242
280 549
388 139
220 544
345 438
403 5
256 216
202 36
261 105
273 512
307 328
535 336
254 364
382 283
417 231
137 315
331 483
273 544
501 264
520 249
350 237
360 217
518 254
82 261
146 457
405 436
441 86
390 545
208 525
237 272
290 491
497 349
434 54
378 83
274 495
481 138
91 174
40 23
129 201
13 38
219 436
435 415
538 288
220 192
2 359
30 424
530 258
285 108
206 356
173 522
107 477
114 373
513 300
371 378
312 362
41 121
209 423
301 159
388 195
339 23
376 517
67 21
534 205
427 180
12 197
506 247
512 39
354 546
272 446
486 132
203 534
8 64
247 490
428 29
37 147
15 127
420 387
506 3
509 437
170 353
125 365
194 261
60 324
367 461
539 279
383 291
529 320
213 122
199 81
142 105
51 33
365 429
232 466
25 252
222 376
232 311
179 63
341 98
268 228
327 79
193 492
487 538
417 233
376 446
103 451
525 394
151 506
216 203
540 395
221 341
103 437
199 356
441 392
103 494
16 104
58 502
542 136
269 422
267 274
267 536
369 110
374 388
172 57
245 352
250 433
345 27
144 209
28 541
450 489
373 311
411 114
537 5
372 534
410 461
127 486
263 129
533 391
13 145
377 201
311 430
461 301
135 36
132 187
111 262
378 203
417 335
470 462
48 288
116 268
22 486
390 169
71 337
449 435
545 453
188 59
333 291
388 424
985970
976495
748051
273311
425949
889268
669637
817076
162068
295623
937943
439886
707927
833397
343115
535244
277069
411154
878027
67731
839295
971637
710049
840205
65435
303351
594109
857637
700274
985463
160883
41868
532794
938008
773626
424439
77773
999105
448685
304991
513896
115421
65486
211456
772397
104857
792383
952986
271265
643113
740231
150835
935087
924931
766355
349651
983715
414050
346354
606726
43120
915268
436376
235614
279466
255660
108380
617518
564300
796321
470714
351888
892404
73645
747025
355488
605346
918495
443878
485439
769277
860874
295328
401745
448974
758403
296266
350847
697091
484647
824468
722230
591533
579219
801809
86758
152067
121578
870650
389635
435996
115730
191402
301383
603448
4279
419041
985391
140920
718215
165762
19770
235234
925621
814356
608493
731550
365174
711556
467218
246012
858310
875873
277555
690540
639460
343583
827812
800195
516882
484181
296183
712509
970390
757119
253253
585909
563068
307069
909164
200559
708114
262674
715723
118799
909546
131941
446408
987935
878235
57027
274954
431117
310720
395099
880896
187114
579896
584577
902296
793452
699236
161708
390600
108141
420524
234296
1929
403818
34875
556645
113111
591237
717438
250262
493234
400516
190249
711762
896224
953999
317874
711687
819497
358390
894100
520514
314714
393513
386381
869367
124611
330557
264417
876096
453752
511470
319317
867606
647251
123223
399156
909657
114288
3324
142925
334862
286640
497281
741619
130268
149623
642224
689916
622030
644271
988343
609538
404884
638018
447655
542822
979010
356387
788471
404552
163791
989894
87615
177871
723479
500004
471997
617063
319002
124408
534803
203070
966587
48644
680583
457607
658498
769229
821249
240056
72730
630874
394193
800203
313683
698809
436391
420416
741729
735738
74968
166297
415771
812659
339872
591132
271997
176378
967003
635285
202855
758830
490698
3666
708252
906222
43604
828517
356484
106656
696195
232358
235690
195628
634755
241774
788926
6974
399334
84956
163988
415240
792418
258132
426659
233661
400593
812027
354183
503575
12401
738685
739520
130962
837922
472263
268145
586671
890602
813838
528034
757298
326708
170694
620990
252900
557837
953707
161621
959633
521638
198587
332187
918347
881365
468538
362023
193638
31251
210093
440118
774074
383231
648543
379941
856164
914266
198239
659962
249733
605705
354688
942236
589122
626902
446232
851414
411650
91183
2626
777177
66675
777382
245212
60151
688581
911407
313353
241896
102509
298661
554608
821640
847844
65605
551420
367959
822437
686642
949274
333816
749810
427631
894205
837363
873808
689192
468509
437043
844423
631722
698932
741192
143331
900838
661568
143334
282165
823090
355588
264613
351890
738887
698758
259839
824659
285380
459538
347157
645140
234666
991030
77930
119542
580638
664452
113574
577629
944106
821332
582548
451185
914557
527359
304740
990433
91558
738853
879146
851676
284317
496424
224798
835286
517050
637230
13786
240777
770491
915939
12255
535985
816194
832949
117008
213327
172373
784854
718197
939495
676701
623293
539833
855298
820264
56485
216877
746925
309223
557325
63043
469688
104560
331638
738835
9848
296316
190441
651865
486981
554154
27246
621493
204669
478075
64470
690154
256447
525396
745650
227616
601968
383040
298329
157091
923962
534763
902118
179553
180872
77096
215543
541615
30603
726315
860719
117765
543672
274575
225973
207741
841288
40530
594676
254936
703030
510932
129497
796601
103301
5532
22744
105576
418615
573587
383079
9936
153431
196807
501760
72898
849328
998377
826531
302960
90644
540943
290194
43507
53782
147763
756884
827781
436304
812018
81331
269127
322718
928845
391998
159100
495585
869804
331848
59532
999229
195286
334247
12098
538011
541499
696629
49679
778536
952810
714258
160901
609683
634459
201440
986973
950099
597414
843397
709489
517279
981834
997485
420354
726260
698727
521350
744115
836819
258628
501378
713100
648257
49546
721241
608121
606725
609287
248004
440904
914797
285420
958979
267374
402185
238351
833751
986563
140590
835818
47753
999233
507764
390554
31649
548809
12665
256673
172464
856287
835932
429028
410887
191849
8259
341486
418877
777267
194005
491755
738861
173934
960640
519470
659254
563308
555125
664043
412025
964069
842535
478974
430174
796214
202192
700514
435920
25501
328107
729467
240124
203902
347323
619725
565078
475873
834499
421698
320276
29618
923212
262120
672305
96127
989474
581872
895339
909694
948503
110256
273861
859588
189310
513762
36486
537743
442161
977763
189752
366845
513356
745909
862891
608018
821680
149310
101679
916150
609665
655174
525661
955189
727080
880893
664079
360253
609490
995890
991203
312996
476655
888413
578620
275103
8948
879894
668736
97612
472985
851868
254299
878313
521948
47440
226491
871258
728124
387575
783571
234600
830846
617915
637208
355004
3564
195882
151751
39144
635921
397493
350812
666974
437630
520946
696668
536055
856840
531483
147341
171309
816455
130637
609016
432865
870937
389962
436718
687511
226397
394936
199360
814965
398777
547808
78854
175560
845269
233135
492889
867454
353181
342712
781784
654381
565891
737392
787367
502602
495482
117296
565291
341683
586812
960055
764176
77734
62981
96869
3011
924999
170901
733825
243000
571807
908850
729909
129061
668759
424740
65869
448773
918017
92920
500283
331607
718095
803006
60181
446492
307546
931146
591445
710236
336989
564086
955289
924706
362167
164319
215009
641915
630124
819684
981075
662971
663461
647146
561978
310071
650027
158298
945538
635148
343600
655969
393470
357015
475334
141615
767971
607995
3686
540985
860875
576863
932715
669815
520499
149997
398932
546535
969468
928404
769414
801736
215469
287687
4487
274592
620016
92988
985923
960310
461777
489581
733387
406680
883650
229210
725522
879767
92249
609477
691054
265734
687056
792949
664477
552958
430725
222964
962685
824989
181688
677328
807379
342339
788432
705758
785989
626388
141909
676338
332000
632376
898807
402409
305683
854942
559622
788575
794865
428212
409976
159417
487987
224369
169574
676892
373300
73484
90127
625012
391667
953218
334932
107183
550613
521300
36922
3775
922528
974214
670891
404123
132801
928993
104438
36606
358726
106930
57354
340775
642661
85000
563391
46295
560052
550266
69901
983574
656367
782047
81106
139055
42421
706453
283408
516399
270987
887675
214061
737578
506903
317110
346546
183862
334822
844464
973644
106222
303463
414356
641934
951600
693485
810003
220397
753183
378161
493474
520387
547810
227598
247673
549645
308132
671235
70998
477613
156242
287541
779448
496936
993759
68330
893989
519464
810435
739087
198757
1660
757880
536435
465284
465683
799612
390217
610323
546949
326738
882410
638248
733386
415425
716945
311961
303552
144467
860125
305733
771753
841559
35987
938316
138667
37215
859545
314642
911119
289667
644668
51712
759747
898268
886699
445890
826456
110474
382842
187658
596292
442671
383840
685452
390369
421233
256377
60288
779756
158332
463684
429667
390919
790846
159078
444086
218039
311017
700709
658045
515622
576308
950894
284929
292323
964955
332688
236943
392989
95514
888831
98231
890860
278710
531602
543054
670920
385652
508677
559724
204175
456352
547511
218095
414724
626247
895917
587574
410187
14525
168269
857767
54446
159832
473188
540137
687002
57331
670689
122858
913955
529581
623704
461851
483900
928679
862144
71855
31103
303369
347573
186591
595627
872510
642486
42601
35489
758963
794920
641293
695591
332636
500497
894478
554469
544111
528990
764471
889899
453030
297246
468052
832680
234690
641093
158452
734004
21123
57386
470766
908679
994801
726793
233369
212800
578966
588802
325906
140191
102081
287831
961593
392907
755652
757426
443508
478989
993207
191901
534123
86931
960500
914248
556939
156014
825817
722055
307844
858260
231817
653777
891531
435999
618474
745538
494488
685260
569576
499225
472360
470269
259441
632123
853692
355512
144759
919150
874841
694949
269170
70303
538054
867731
890139
561758
946577
36340
674162
18524
691658
248029
672889
751347
533062
632711
830966
582942
909854
111825
340213
890237
773613
556219
693315
583251
542933
742124
539381
402183
699963
792813
345119
786982
159815
774700
952093
425312
728741
513275
812750
213254
560774
956558
954579
726610
481568
856640
532628
596384
950185
671182
175740
583661
699552
655898
556664
591327
625477
16873
349884
862909
805212
639526
950334
77426
55534
397469
522297
126862
460487
739201
838187
458181
438649
215335
480024
454190
710552
385608
736517
706821
555388
105667
891773
645098
574594
41561
664335
768351
908555
789359
517390
426894
542203
698383
639824
629953
801467
954727
343663
528232
200824
720968
107275
726999
961442
593960
892167
954117
306222
61025
601159
595342
163412
368561
678840
703730
544913
69368
558536
691540
213799
880188
1386
299644
797272
963496
77395
987413
184814
327048
501184
542319
764983
192847
732974
913470
459969
807570
77792
715673
533026
644363
524956
859196
746931
42262
319790
501447
193103
204279
472164
989245
541081
415314
484816
639494
81907
156337
559817
223405
167112
733122
286891
63714
695620
354391
973778
991289
344982
683940
454435
918825
218997
267972
731971
921294
809431
207220
197790
925608
763643
962326
205665
78810
195617
666224
443584
328236
798861
561963
816434
397193
51976
20756
138352
390657
357087
132510
782777
563272
172706
163614
585105
536438
821221
435150
104189
186181
225283
994955
935816
9046
515414
714070
123009
973932
726464
500694
76987
331566
557925
418261
820300
971626
899247
957823
769615
999629
292040
50470
643874
119468
419428
558017
211112
104958
167733
212712
673032
753055
756148
293273
109676
57231
885535
135478
311620
641073
246197
964741
53568
47629
147131
977519
657241
874894
848699
875713
101832
447045
315712
809774
219213
70052
543068
98635
88106
80899
264802
685842
996774
542878
83756
877216
116939
652117
456597
597111
975592
93931
754688
442556
89039
85640
16400
252153
460248
278903
574830
734940
718044
467625
228934
900919
283643
905072
19914
129662
215575
127812
522350
179596
332246
11329
937002
183711
726052
906535
182139
291287
267887
40793
331745
914619
884713
909279
888227
978100
315081
951908
992007
739791
863114
875961
170651
218047
532075
903632
148015
784281
156525
509569
8215
229975
368793
239241
997614
827926
400119
820550
353806
72216
294296
77244
653529
56066
639885
451475
179764
909599
129325
98646
418246
268891
927379
759285
843389
59016
157469
654084
821705
472221
844910
311739
456095
420210
6765
391348
994488
115718
358469
281520
957840
164985
498723
329682
996455
621970
539515
852194
711811
73530
505154
938188
833452
719166
573813
579678
160686
350737
662033
726477
179162
68489
876505
536049
257542
479005
451860
904964
576585
920429
355148
289511
478592
907386
536144
102749
163787
512873
782899
978830
901520
125829
833738
900678
813815
342074
741938
198963
599661
583707
980552
160042
791010
466396
185263
108195
531530
378841
346253
588344
538336
355277
158606
473706
935070
233564
75872
362908
431942
192906
104117
360598
438620
417089
426309
463428
306473
694478
836489
722676
557434
459428
33345
8412
988063
348313
334190
644561
251565
8292
444825
202513
786877
293605
166410
641530
618922
321437
965522
123856
186134
595378
186114
250235
871334
377836
706801
798342
662210
93371
764218
787234
543894
501166
402620
19873
504787
251069
773592
423420
569390
565248
98742
297549
792928
848630
663425
582037
450917
330559
423590
93879
55293
540898
664665
435132
922158
325896
277392
448269
344512
62847
188102
80124
439808
312121
943161
88187
573693
180746
357484
159458
618382
262061
804710
343534
238218
602751
370929
102653
13646
373314
490332
544851
264763
540763
837370
782680
942709
466389
562017
777816
155045
436252
822187
688578
238648
481091
979000
477993
896478
674175
794347
581766
550283
747433
979432
439667
142586
443712
991836
123505
744229
642020
707957
926884
509006
481116
823654
272978
819322
277009
580964
846183
266352
446737
296684
943604
530238
869454
557562
759339
771188
28380
839891
855909
47655
266486
54077
23260
864048
404793
796609
353714
967082
249063
858544
770024
464184
422374
855579
933287
870844
319358
81882
276155
352929
411295
518342
354450
373586
66008
68414
164098
866753
198305
268134
67456
745825
918803
928995
193514
455212
922922
262753
938814
119326
903178
193357
298977
210104
701559
925403
67417
950846
812955
310465
610578
296377
435908
699258
186589
682229
415780
366341
393389
223044
673615
351139
349208
618298
724032
842652
871388
532271
96852
304186
104343
234432
491277
43597
334734
263054
120913
166949
542759
443709
253865
948827
439470
480246
255682
938825
658324
93158
991151
968013
580780
799933
540325
88394
463020
751280
589117
695399
447026
664248
72566
980366
61372
815056
656561
336814
938159
317498
501043
797882
466513
137467
603430
82792
887567
77082
911064
223730
293303
327270
911739
568344
685567
895469
29923
719196
865405
860101
951819
918405
390508
692743
366928
237980
744430
152847
544181
469746
770372
725885
451549
501145
804375
674679
906836
169062
512115
404901
719047
686133
84423
570675
249927
909413
390502
854867
679241
984792
383753
514552
202665
961140
477323
412188
384099
296357
557291
910331
346457
337176
248718
924502
51216
978050
729082
101617
932786
678743
630556
443605
527437
21779
362691
802447
383507
620596
72930
332655
461592
513790
52562
462730
844951
480182
952142
180600
739246
134952
500021
928342
175773
335841
903244
655045
876875
268021
591609
835370
402752
134074
349257
543980
263980
555467
797227
434169
93919
25926
222962
739585
688399
174542
22935
339961
43798
441418
139573
341530
61937
813220
750923
127583
224449
426060
925886
771915
974542
908530
888468
922208
827199
846287
985658
911337
842019
339421
460863
379377
791724
271130
992534
275402
882094
79241
685848
603399
527908
792369
251520
220226
610860
921372
502766
348887
637638
939033
813924
242214
437465
4538
970636
971925
153070
173783
711664
830924
480243
182089
797311
856952
258361
840112
322575
998281
997622
