550 3000 2017
2786 1292 1486 2672 1260 917 2025 1128 554 1189 814 898 2783 605 2359 2809 1922 1370 1056 2365 143 910 1791 2666 1998 1671 2223 1279 936 1205 1247 2414 1295 426 711 135 1701 2829 307 1987 1224 127 1147 2950 1964 2026 617 827 698 2871 2141 366 1840 1063 254 2806 2585 1132 2489 2250 270 1273 1631 94 2804 1479 186 750 2672 2521 216 1274 2673 930 1052 1386 1053 1678 401 1476 2494 862 1936 1468 6 2344 2476 1611 2489 1239 2236 1443 2715 982 1553 1001 2954 1955 592 1668 1748 2994 2338 2430 2539 638 298 2561 1648 1111 2015 2107 1303 2185 1259 1949 1994 1282 67 608 1856 1678 2751 185 1871 494 188 2191 1927 958 345 1298 129 998 607 2070 240 892 2157 2080 1815 1631 42 2017 36 1439 1892 2345 2387 1315 1289 1198 1909 275 292 2668 499 2952 1138 2431 757 2656 1133 2303 1480 2502 2848 379 2504 1930 1405 2114 2546 2685 2028 373 1309 824 2892 1449 1929 2173 1295 1420 2881 2917 617 502 821 411 1585 1058 2484 1282 2611 2372 160 1691 1005 2021 1906 57 17 85 1759 473 331 1984 2587 675 1283 1613 829 1958 1053 1259 2619 2324 1223 2924 2224 2449 1066 2119 2227 970 1941 2984 2921 2659 1606 2531 2030 2178 11 673 304 874 1200 1370 2412 626 593 212 150 832 2954 802 747 1584 110 593 1481 1785 773 535 2418 2617 17 412 980 256 603 318 1772 2259 1369 2887 2188 290 1467 2850 1339 2372 1854 2343 2724 561 440 2546 1666 81 2013 2027 370 2659 1482 2865 1265 2256 1472 1880 944 1777 2763 1965 1341 1870 1580 1687 1884 2264 2851 225 997 2745 1065 1197 240 1971 141 2163 1390 1799 405 2466 1290 991 2856 2846 1289 1213 2442 2475 2885 2502 2743 1697 2488 1177 2099 1592 255 1324 2730 2166 1564 873 963 687 1617 1261 2738 1196 946 322 1263 1175 338 1685 681 86 88 1722 2798 2238 1036 1390 319 2145 2045 2414 1656 2147 629 982 1526 2218 1527 21 1324 2748 1167 2687 1335 830 2667 66 2297 746 2073 1557 2555 2600 2809 2774 2918 2000 1324 619 619 2582 1621 644 2713 687 262 2431 1320 1868 686 211 356 645 1667 113 620 1424 971 1743 2187 2722 2911 2943 2271 2812 1369 1497 1144 154 837 2348 1659 2152 902 1066 2472 2269 2571 845 312 2477 618 2140 2075 1594 283 1923 1401 2979 1049 970 2423 207 1268 2860 2204 2020 538 314 2093 2811 2359 185 806 1710 1355 2642 2099 277 1899 1081 1822 2045 978 264 160 1138 2650 1717 605 2366 405 1889 387 2099 1721 1538 1084 693 859 19 2581 1644 2603 418 550 2217 2521 2235 2802 1350 1286 1747 2985 747 2735 2408 101 2078 2557 2543 49 1634 856 1013 1577 1012 237 2658 2757 1946 1189 235 2464 1580 1440 87 2265 1272 2490 2237 759 1617 701 2132 2130 1399 2631 2994 2584 2469 2726 1897 901 2007 2529 2919 1847 1890 784 653 729 2296 1927 2650 2565 2340 1439 2449 
1 2
2 3
1 4
4 5
2 6
5 7
1 8
2 9
8 10
2 11
8 12
8 13
8 14
12 15
15 16
3 17
12 18
14 19
17 20
9 21
8 22
8 23
10 24
1 25
18 26
12 27
14 28
4 29
16 30
2 31
25 32
22 33
3 34
32 35
26 36
24 37
28 38
8 39
29 40
23 41
38 42
26 43
32 44
12 45
37 46
18 47
36 48
14 49
48 50
45 51
41 52
17 53
4 54
1 55
23 56
16 57
48 58
6 59
23 60
53 61
11 62
3 63
9 64
23 65
33 66
65 67
65 68
21 69
21 70
64 71
41 72
25 73
4 74
64 75
12 76
72 77
16 78
4 79
74 80
80 81
76 82
39 83
41 84
78 85
45 86
14 87
7 88
64 89
71 90
31 91
17 92
86 93
77 94
90 95
81 96
53 97
48 98
6 99
98 100
95 101
95 102
53 103
85 104
42 105
79 106
101 107
36 108
59 109
57 110
25 111
92 112
66 113
31 114
68 115
68 116
39 117
69 118
95 119
2 120
59 121
101 122
46 123
15 124
57 125
44 126
112 127
126 128
118 129
27 130
50 131
82 132
79 133
36 134
27 135
67 136
105 137
67 138
115 139
39 140
25 141
119 142
16 143
77 144
77 145
77 146
98 147
130 148
6 149
72 150
37 151
26 152
128 153
69 154
139 155
151 156
59 157
31 158
126 159
60 160
4 161
32 162
153 163
68 164
15 165
97 166
127 167
73 168
62 169
44 170
65 171
165 172
13 173
85 174
123 175
5 176
151 177
122 178
9 179
54 180
30 181
158 182
101 183
68 184
119 185
18 186
34 187
184 188
41 189
75 190
157 191
123 192
5 193
15 194
182 195
118 196
196 197
71 198
154 199
85 200
8 201
162 202
159 203
70 204
141 205
5 206
17 207
30 208
58 209
55 210
132 211
196 212
135 213
32 214
122 215
170 216
208 217
149 218
214 219
77 220
45 221
159 222
212 223
156 224
195 225
171 226
180 227
87 228
143 229
85 230
116 231
88 232
225 233
61 234
170 235
108 236
88 237
237 238
119 239
187 240
77 241
89 242
151 243
166 244
177 245
175 246
137 247
84 248
10 249
138 250
134 251
52 252
156 253
156 254
253 255
171 256
132 257
211 258
208 259
217 260
194 261
233 262
2 263
259 264
216 265
56 266
184 267
257 268
30 269
33 270
56 271
215 272
151 273
201 274
46 275
58 276
164 277
6 278
216 279
39 280
255 281
86 282
228 283
47 284
127 285
154 286
89 287
250 288
18 289
220 290
181 291
114 292
43 293
175 294
94 295
192 296
149 297
232 298
156 299
102 300
239 301
134 302
283 303
136 304
50 305
55 306
285 307
273 308
160 309
260 310
140 311
283 312
71 313
6 314
296 315
158 316
125 317
201 318
286 319
231 320
180 321
311 322
38 323
71 324
37 325
86 326
122 327
77 328
104 329
163 330
269 331
36 332
272 333
79 334
176 335
41 336
245 337
33 338
211 339
192 340
333 341
52 342
219 343
40 344
24 345
266 346
273 347
275 348
269 349
314 350
160 351
344 352
242 353
210 354
248 355
18 356
51 357
15 358
150 359
30 360
202 361
226 362
350 363
362 364
183 365
50 366
188 367
12 368
296 369
153 370
206 371
197 372
132 373
294 374
74 375
147 376
187 377
40 378
219 379
209 380
81 381
312 382
220 383
246 384
212 385
215 386
247 387
134 388
387 389
57 390
121 391
342 392
249 393
379 394
146 395
252 396
333 397
86 398
323 399
32 400
115 401
216 402
92 403
245 404
287 405
381 406
279 407
237 408
56 409
151 410
335 411
280 412
348 413
180 414
39 415
165 416
162 417
6 418
120 419
161 420
336 421
407 422
183 423
14 424
142 425
393 426
83 427
16 428
242 429
24 430
24 431
323 432
270 433
299 434
157 435
400 436
287 437
350 438
385 439
139 440
247 441
128 442
76 443
7 444
346 445
55 446
441 447
20 448
100 449
209 450
304 451
403 452
426 453
84 454
219 455
421 456
233 457
271 458
44 459
327 460
155 461
224 462
291 463
135 464
369 465
240 466
328 467
145 468
365 469
369 470
197 471
312 472
313 473
155 474
49 475
50 476
223 477
148 478
34 479
202 480
2 481
44 482
18 483
66 484
241 485
390 486
119 487
443 488
483 489
110 490
183 491
337 492
438 493
468 494
27 495
462 496
212 497
412 498
221 499
419 500
299 501
458 502
301 503
6 504
100 505
208 506
355 507
38 508
35 509
236 510
341 511
250 512
484 513
83 514
461 515
101 516
9 517
16 518
498 519
239 520
82 521
488 522
426 523
371 524
233 525
396 526
97 527
412 528
127 529
180 530
63 531
413 532
195 533
83 534
177 535
148 536
66 537
482 538
66 539
236 540
478 541
221 542
456 543
103 544
371 545
341 546
512 547
294 548
6 549
526 550
332 123
518 278
153 480
2 468
118 442
373 299
256 338
428 163
451 326
458 481
17 215
343 68
489 184
66 195
236 358
81 380
482 549
163 89
332 522
443 239
96 193
452 6
365 109
296 3
339 518
346 437
411 258
272 151
118 424
205 231
491 162
80 375
451 91
519 343
526 404
2 161
501 168
500 526
45 195
288 226
231 252
341 529
355 398
78 147
55 449
70 268
262 391
416 233
331 262
328 155
240 12
536 252
63 326
152 49
112 535
415 288
14 221
447 80
421 339
298 225
127 298
437 384
222 541
68 459
125 473
533 474
417 141
19 193
319 87
544 485
80 96
423 494
440 494
516 164
48 460
512 301
304 250
370 63
140 379
100 437
147 436
132 382
3 120
329 54
222 275
549 538
122 83
344 180
522 366
23 240
349 400
496 423
467 424
435 69
44 350
380 405
308 422
493 10
399 361
97 30
432 387
227 432
293 93
31 165
281 536
493 476
350 301
401 471
491 484
267 400
393 69
429 29
509 163
318 370
138 125
125 153
274 82
122 254
36 398
408 383
285 379
410 210
522 516
345 311
16 77
223 281
106 379
371 379
334 245
446 140
295 368
165 352
167 38
169 421
179 123
249 200
548 528
452 296
114 167
267 251
389 365
279 76
97 193
65 535
228 159
6 382
408 520
258 303
355 309
68 205
390 171
499 65
213 121
542 268
284 325
77 439
54 296
31 161
293 116
527 431
144 194
410 520
127 283
498 535
64 6
93 73
218 151
274 492
445 187
136 162
507 278
285 366
120 9
259 460
413 96
305 212
432 154
490 249
547 352
397 140
81 217
52 41
422 496
307 12
378 31
510 259
514 221
358 459
182 269
348 531
521 352
436 410
256 173
116 141
355 191
156 479
319 131
154 541
456 345
56 120
303 530
274 7
467 245
194 408
154 514
88 348
329 277
360 267
20 542
342 319
1 345
178 56
139 48
84 221
437 297
43 494
41 519
29 55
5 161
466 54
261 254
535 301
358 256
352 279
441 289
45 540
366 530
51 428
142 194
74 345
42 208
529 393
339 173
144 368
62 54
82 3
468 110
168 242
457 398
426 288
33 419
70 106
387 183
285 470
462 164
380 308
307 437
496 330
373 143
289 138
185 451
286 293
355 308
66 61
271 68
96 204
202 445
331 389
68 201
26 283
275 33
242 322
35 456
543 76
333 135
390 395
345 503
7 394
430 215
149 443
423 323
33 151
150 266
448 191
454 273
355 354
404 27
487 64
253 156
226 106
85 328
225 381
80 500
513 77
413 369
503 54
377 376
239 235
408 343
356 530
268 276
124 519
162 66
378 495
451 507
483 244
271 362
523 540
51 307
58 424
482 306
201 497
199 32
392 312
402 277
248 405
314 529
289 447
363 545
533 153
146 232
341 293
433 266
71 397
18 381
164 70
497 496
221 405
360 321
369 453
16 291
169 99
5 525
273 486
546 364
322 282
151 64
212 125
252 542
489 40
318 117
206 150
312 235
525 474
513 258
17 12
466 67
331 228
367 346
506 501
244 546
385 252
206 225
98 376
507 284
35 376
212 370
483 42
7 76
463 170
20 172
105 124
443 542
250 489
171 517
199 110
319 476
113 403
481 512
432 14
407 72
351 127
346 65
393 382
358 348
336 472
6 112
353 24
54 146
250 42
262 418
124 242
212 475
170 474
73 127
140 507
550 37
267 164
439 455
488 194
20 35
153 26
374 487
219 113
96 217
417 53
270 339
381 160
226 240
372 130
389 49
544 5
52 289
200 39
406 82
274 78
310 94
470 7
504 326
463 138
495 362
315 428
80 141
113 206
171 258
536 495
518 196
41 490
286 168
103 38
507 363
410 526
21 543
535 127
207 436
331 467
391 436
370 97
326 195
544 243
257 392
270 502
354 61
63 76
505 40
416 228
333 152
339 48
375 454
462 279
100 13
458 29
167 445
399 117
19 443
373 347
55 24
279 515
311 511
127 477
106 104
331 307
281 399
511 55
305 8
70 369
217 260
346 253
518 321
155 162
248 87
66 27
376 49
513 386
423 252
39 322
447 343
77 392
79 207
244 119
155 326
279 255
68 453
101 35
83 239
260 239
480 252
225 421
465 16
48 211
225 547
205 505
50 486
520 148
435 289
242 516
502 20
465 125
290 228
201 536
12 211
488 221
291 220
323 538
25 264
505 271
525 36
538 170
413 364
28 435
348 147
394 232
409 375
5 34
384 210
223 382
37 258
4 76
473 180
436 383
320 44
288 478
129 296
368 493
510 423
356 187
431 339
182 375
126 401
412 536
343 116
351 149
30 241
170 510
46 363
144 27
178 7
170 209
387 365
179 32
183 21
446 460
225 218
298 213
42 134
390 232
124 16
501 78
175 347
172 441
168 488
326 537
538 352
229 210
12 102
422 160
428 5
191 152
249 508
245 500
225 543
373 193
493 108
414 389
20 517
147 221
317 402
354 387
47 246
245 140
260 276
358 118
207 131
293 51
413 90
42 236
508 181
186 399
446 399
347 41
524 236
405 382
544 454
346 290
185 201
85 389
297 508
461 60
510 542
348 351
129 87
315 226
314 501
373 4
106 531
64 88
40 393
4 458
464 107
13 332
375 416
335 117
187 401
245 523
120 293
297 9
82 10
236 214
481 50
462 52
342 357
393 467
533 4
143 164
34 109
133 494
34 151
418 460
103 524
60 145
482 243
78 281
285 48
221 102
340 448
237 211
400 4
19 80
493 208
222 96
424 233
33 424
372 238
162 542
332 242
224 442
53 309
203 321
82 110
100 2
316 405
433 157
421 187
198 161
143 16
360 484
484 62
369 471
482 14
111 450
171 291
326 334
501 98
167 249
176 233
77 330
281 206
75 304
192 99
186 444
481 97
299 6
423 317
25 14
147 478
432 138
276 200
475 519
105 243
506 369
134 407
240 62
335 145
385 147
309 71
160 13
452 264
497 506
96 343
142 379
15 34
43 439
401 4
283 431
523 200
186 533
14 283
349 360
171 267
495 294
149 390
268 131
409 166
485 394
168 159
264 127
326 541
550 173
95 94
516 182
259 216
400 141
73 249
282 19
345 483
403 437
299 454
158 479
70 246
427 378
400 144
220 86
535 19
111 455
117 121
257 271
243 292
137 109
359 38
285 395
307 454
276 220
505 164
317 405
14 319
279 251
30 165
128 113
237 177
353 153
471 92
64 76
300 291
295 438
487 204
429 479
117 85
454 313
247 416
503 336
327 358
226 365
376 364
156 448
443 533
93 30
174 202
459 525
166 380
56 356
324 241
115 115
550 72
25 6
510 94
124 132
164 345
161 245
33 454
443 448
190 124
431 248
235 393
285 410
123 270
340 60
258 85
537 372
324 166
304 337
447 489
291 271
152 331
464 64
224 511
167 320
76 517
205 288
126 242
492 477
132 208
265 249
468 181
421 506
268 361
84 329
399 102
289 27
365 147
267 4
85 331
38 251
59 133
305 510
214 467
30 264
148 536
75 445
293 227
432 306
105 490
471 114
207 537
470 74
6 242
436 521
342 299
123 324
498 301
226 127
512 263
102 481
269 101
332 530
367 49
334 4
106 395
365 11
289 226
54 55
386 295
211 516
124 146
56 229
474 73
331 329
106 514
231 399
272 339
115 77
341 211
117 221
131 305
257 523
453 306
283 56
149 371
247 2
381 424
475 99
397 160
370 525
17 261
312 139
331 266
409 262
436 152
202 373
444 229
25 512
328 389
252 148
282 229
357 133
59 306
339 50
442 13
263 308
190 469
522 125
363 381
403 390
440 371
517 495
177 245
181 214
495 126
445 470
348 15
437 422
102 510
541 498
142 423
100 381
365 346
230 356
129 13
469 503
250 533
490 283
364 122
75 423
402 396
442 272
371 202
89 249
145 145
149 190
41 138
140 299
162 385
187 436
319 60
367 420
108 203
70 287
363 104
8 239
306 62
516 208
225 3
331 510
255 473
309 59
448 32
497 268
10 192
98 183
52 332
344 463
369 81
127 167
479 360
539 103
428 401
357 42
159 435
4 85
291 217
429 232
479 435
351 125
302 110
274 179
473 160
501 502
398 41
166 205
379 200
24 495
380 210
258 160
98 413
235 298
139 256
431 504
351 99
473 270
273 143
125 206
375 534
9 187
455 402
213 26
506 103
461 25
205 528
19 290
515 484
120 79
433 493
440 187
185 305
385 505
540 248
301 29
26 399
319 221
362 104
112 191
114 96
314 151
374 319
504 232
458 425
25 484
184 237
255 139
103 435
242 180
243 192
2 28
472 275
394 302
286 240
546 60
421 506
416 547
285 150
116 547
76 167
168 322
481 426
342 187
452 284
544 393
370 99
217 482
324 376
231 229
505 3
197 390
356 340
209 521
549 483
147 533
204 435
240 147
240 447
203 369
73 182
453 226
372 131
487 320
69 518
375 216
539 102
405 271
492 410
83 261
468 86
352 80
28 141
165 468
458 450
179 477
404 7
86 509
42 263
406 332
337 125
297 344
342 506
277 425
446 33
197 371
329 134
165 418
145 174
437 70
506 77
260 281
512 20
133 288
300 505
404 48
105 282
101 7
209 527
540 224
465 101
500 307
439 344
316 387
109 77
73 291
186 105
344 87
236 94
499 125
383 128
501 308
312 346
147 351
462 530
325 122
71 185
160 88
122 4
406 545
193 269
140 517
195 25
528 497
370 425
480 363
16 5
48 202
72 296
11 185
522 139
231 5
286 157
479 146
547 94
493 332
174 227
228 315
240 144
97 131
25 181
88 194
223 441
103 303
232 206
74 152
384 205
513 292
221 448
182 550
306 303
199 271
144 450
325 450
373 351
358 106
449 423
58 12
172 275
124 299
129 219
22 360
157 432
144 49
253 547
45 367
158 127
153 82
423 31
42 542
209 20
151 422
429 253
108 537
158 356
176 178
429 172
25 316
59 99
265 209
34 502
232 409
104 115
404 252
142 332
113 220
254 217
168 511
18 260
529 245
440 7
58 459
230 374
340 176
106 177
191 355
81 197
527 344
258 480
186 468
162 292
402 398
117 167
229 423
426 177
281 224
437 157
322 228
105 510
292 194
424 343
304 49
501 545
479 167
443 519
437 164
302 108
479 206
123 2
496 336
428 295
458 478
460 528
324 518
303 188
15 258
149 548
172 257
66 496
213 204
446 525
413 6
229 449
169 204
336 125
261 496
442 109
445 92
469 13
491 232
57 39
273 122
415 404
53 505
526 259
487 268
81 279
292 261
217 492
397 122
525 517
344 349
165 222
492 304
450 297
349 48
390 301
35 102
180 172
318 305
474 283
115 187
57 68
219 310
390 522
144 484
340 330
289 423
470 381
323 396
270 439
432 165
36 123
493 466
334 413
148 102
465 393
427 434
411 158
163 69
233 346
525 116
326 490
478 42
495 170
528 152
52 90
374 531
11 373
87 248
525 222
109 470
184 482
258 335
107 132
60 215
471 415
459 143
270 550
476 249
153 282
302 4
351 39
412 441
374 364
349 230
450 154
417 82
324 309
498 328
508 336
132 76
495 385
303 453
391 184
452 184
455 382
26 18
267 17
289 123
310 263
290 193
530 20
328 114
243 165
3 21
164 522
423 466
471 467
180 485
149 441
545 305
351 229
104 272
176 429
265 487
419 246
133 417
50 541
397 389
541 207
2 135
346 245
76 41
479 251
153 412
452 294
483 266
528 118
388 14
418 305
104 307
112 411
330 330
522 276
454 309
165 257
474 472
145 292
345 129
129 349
222 502
350 321
194 171
159 524
118 155
257 446
174 79
358 467
25 408
502 258
61 531
256 318
471 153
419 299
394 304
185 110
385 343
507 446
441 506
300 490
207 137
259 512
260 423
473 360
96 533
77 81
169 505
216 147
397 279
167 30
79 354
397 313
199 168
113 79
479 325
118 486
382 53
59 55
204 63
2 513
404 510
458 538
132 216
458 291
193 482
151 476
94 453
422 474
322 308
521 4
545 311
255 123
247 180
128 316
448 538
134 85
286 96
74 290
371 34
375 123
433 264
464 295
316 440
147 350
14 267
362 32
230 116
104 501
186 22
93 292
73 534
87 533
262 103
273 296
32 372
53 356
383 89
37 92
358 365
3 405
504 340
27 245
113 70
530 213
57 139
330 59
326 455
322 546
240 166
173 79
193 548
357 443
175 205
519 24
439 118
332 478
61 543
20 68
41 339
195 439
34 318
56 110
397 369
511 243
530 191
248 214
485 390
496 396
110 490
282 226
513 263
373 99
255 36
321 531
147 435
189 486
82 444
419 283
222 326
241 215
512 500
386 304
445 280
458 64
429 374
332 471
356 336
372 371
158 449
9 274
302 24
499 51
398 357
311 139
27 212
507 111
285 327
101 309
131 96
142 408
124 18
48 192
407 401
26 37
116 210
387 490
198 464
471 404
102 224
384 232
173 273
251 53
352 508
56 142
348 99
309 25
7 232
255 110
2 276
122 48
323 509
122 536
45 517
545 74
366 397
387 201
445 41
58 404
53 327
538 161
391 532
531 506
510 506
92 521
469 540
176 413
278 142
422 36
21 259
525 93
13 140
96 449
42 131
192 35
548 35
62 448
393 205
58 382
34 50
521 196
65 105
333 514
284 263
180 74
443 67
208 490
93 405
181 463
185 269
364 489
98 528
324 106
222 425
251 224
135 54
39 293
460 151
99 524
413 97
509 211
499 211
171 31
232 188
325 176
184 484
107 485
437 371
297 398
349 282
119 525
421 156
149 216
249 103
77 455
525 382
207 193
527 251
348 155
401 87
89 342
181 5
224 314
397 281
482 508
348 266
293 140
501 410
499 272
344 8
460 98
163 540
63 527
518 507
441 345
336 480
161 190
374 154
153 279
487 348
539 530
479 531
5 279
324 273
385 178
375 121
106 95
311 405
343 344
369 417
60 470
28 280
474 323
381 443
286 116
113 154
94 281
423 113
112 339
158 311
230 322
347 451
302 83
387 317
179 231
180 351
374 179
423 463
57 368
189 277
287 292
268 389
132 21
464 84
215 47
205 409
17 352
232 438
43 3
442 74
294 499
333 261
117 522
115 138
166 458
303 229
218 159
4 49
416 195
72 545
62 384
290 86
392 189
202 54
521 441
322 444
276 483
253 482
451 444
389 480
202 68
184 221
433 498
335 339
504 43
103 12
494 289
89 56
378 111
104 122
89 402
417 176
519 342
346 464
249 62
181 414
543 279
446 8
351 45
334 535
299 179
134 518
149 273
316 35
526 521
220 26
162 234
276 318
201 128
290 189
492 283
15 295
266 182
21 24
317 210
489 474
132 239
176 314
8 541
119 237
401 128
332 3
416 210
167 366
173 396
367 489
362 289
266 29
204 474
94 539
120 357
530 412
361 133
147 294
263 121
319 110
141 197
279 504
437 526
441 86
386 179
276 442
197 374
381 253
439 473
256 155
96 415
184 4
443 448
165 6
471 396
87 297
318 239
184 163
358 201
58 502
497 112
322 380
418 262
208 52
294 26
298 352
405 378
305 18
91 73
401 162
93 242
267 526
195 267
459 264
74 62
258 12
44 262
313 531
255 93
83 348
74 182
148 14
276 338
91 307
549 311
533 274
95 343
137 391
249 336
148 420
406 394
22 240
95 12
257 237
178 78
512 190
425 318
22 208
92 459
185 37
106 450
521 151
78 520
13 366
199 76
89 545
287 222
150 244
327 523
70 8
511 437
203 462
141 85
338 158
234 42
127 125
229 453
296 135
363 438
294 327
427 256
448 302
529 462
426 366
527 330
331 105
67 359
233 178
94 504
318 431
294 200
348 485
126 93
478 550
225 85
538 480
328 36
347 121
436 535
339 497
363 442
198 132
89 462
201 504
398 524
402 304
10 82
179 202
389 281
237 138
354 71
151 347
103 354
382 411
495 423
332 391
398 489
39 547
395 422
193 186
97 550
152 537
446 417
307 484
219 88
128 55
336 149
362 416
238 447
332 550
233 180
235 136
437 312
133 454
253 66
61 355
81 161
115 372
228 435
486 381
345 188
299 253
132 81
50 259
59 2
176 44
42 501
194 550
398 258
407 43
489 337
231 37
164 75
340 301
96 160
7 51
106 48
312 288
419 248
467 11
423 73
353 204
225 421
61 439
312 162
527 32
42 43
112 9
44 121
383 398
148 91
297 72
455 44
250 162
513 493
367 538
97 424
83 34
443 165
408 35
2 305
295 257
426 522
67 450
543 230
400 20
244 14
524 420
172 189
334 177
363 177
473 143
394 542
57 173
354 352
240 222
504 371
266 69
169 201
482 130
393 79
200 303
158 360
486 219
31 475
438 67
376 177
345 209
450 357
155 227
480 188
238 183
130 169
180 134
546 180
409 61
410 83
513 18
439 446
154 510
369 529
486 331
406 20
31 332
471 70
307 17
68 137
530 300
459 99
467 86
540 468
488 395
333 464
473 353
534 233
536 233
533 106
141 201
218 259
445 528
137 474
414 125
328 38
486 503
27 52
425 323
463 364
111 458
15 151
281 275
116 304
292 308
533 100
305 459
439 356
6 126
252 286
198 423
178 289
256 270
230 276
101 357
537 189
257 135
201 400
195 470
101 468
451 189
406 112
344 533
421 478
373 522
404 379
449 125
504 489
99 131
62 508
2 318
517 508
427 45
417 136
437 420
388 374
14 296
67 16
400 387
149 167
452 459
59 186
43 399
363 103
506 78
44 295
52 550
530 390
205 126
301 463
272 458
465 376
352 365
94 363
410 196
298 222
273 431
357 196
195 192
545 228
109 373
260 90
143 133
469 248
213 93
532 6
264 346
370 55
252 144
224 411
308 521
526 351
268 13
268 387
354 401
101 409
374 190
503 70
539 157
453 100
460 482
421 414
480 149
135 164
241 519
158 471
138 490
547 418
488 297
375 80
340 258
190 260
101 537
444 219
371 131
280 437
174 423
406 478
262 464
483 364
548 189
406 200
318 542
158 441
57 505
189 433
27 306
87 186
313 321
186 328
12 497
208 344
253 98
84 363
162 449
252 156
154 148
258 75
222 317
164 135
379 361
113 68
357 289
392 53
238 512
405 547
267 411
492 160
32 338
434 505
179 201
390 467
412 246
131 65
57 305
268 234
367 152
113 306
357 251
433 31
284 300
243 431
109 193
195 468
115 187
176 451
425 495
106 96
94 109
406 31
548 110
398 299
202 114
267 400
296 450
254 381
336 387
515 210
221 149
114 37
175 208
197 254
51 204
107 283
342 101
538 341
276 186
78 45
384 352
448 420
92 344
503 22
275 159
354 7
150 331
85 398
58 193
454 323
61 469
289 541
182 130
496 66
161 187
12 530
101 433
407 14
181 474
496 163
9 50
249 47
279 227
90 169
8 437
89 9
177 448
167 76
81 524
276 58
369 214
263 538
510 105
155 521
125 260
7 439
162 278
20 534
33 86
277 495
528 462
471 119
410 378
409 134
421 288
304 253
509 115
254 423
419 172
448 251
150 207
222 490
259 142
296 61
50 226
298 392
4 296
243 170
274 247
120 548
40 347
483 16
307 127
508 379
78 346
190 389
71 338
273 28
166 372
338 158
412 311
355 219
292 525
447 35
33 257
191 299
63 309
44 232
407 529
120 379
517 209
277 280
137 251
385 512
151 317
130 136
446 391
180 26
435 505
269 325
90 360
414 401
365 109
445 114
178 187
386 232
39 305
65 89
40 483
463 402
248 355
404 41
172 94
341 482
344 91
22 212
37 258
24 462
444 503
507 395
520 213
310 223
333 266
358 109
50 135
406 453
282 349
123 44
210 534
160 154
503 19
215 239
212 99
50 15
50 377
347 369
40 452
222 328
43 51
420 35
112 256
24 74
79 176
388 126
515 289
516 428
148 340
517 526
228 99
501 398
352 365
23 65
212 499
452 446
97 354
493 8
56 459
455 101
353 444
300 538
167 437
318 499
17 424
10 49
69 224
111 208
256 186
24 44
532 398
137 84
261 549
531 440
166 110
84 106
400 530
401 9
328 70
351 183
236 518
152 106
468 336
128 81
256 204
484 501
381 490
294 3
384 512
365 450
379 204
186 140
410 458
249 289
331 463
297 175
464 40
251 387
247 48
379 115
380 102
64 341
61 317
52 194
24 449
490 66
49 155
469 27
104 351
294 503
261 206
212 225
68 71
18 391
14 370
281 156
275 528
135 243
392 185
101 253
237 432
93 458
87 287
2 446
155 513
229 281
342 75
321 238
148 223
549 205
262 330
202 234
396 347
535 292
365 468
491 395
284 399
356 313
189 296
512 434
394 249
496 17
216 188
35 363
410 527
216 276
523 120
17 46
413 401
489 147
41 336
169 64
230 473
141 186
187 6
423 285
185 148
463 54
129 185
35 440
94 475
485 540
296 150
549 165
252 388
522 377
84 127
508 280
459 236
537 495
348 91
38 305
480 259
74 549
381 234
505 377
491 148
185 422
5 491
478 308
473 15
486 490
344 393
128 14
507 7
79 222
64 425
204 84
200 119
22 276
53 257
297 97
486 418
456 257
502 500
217 29
241 359
263 265
175 336
310 367
83 289
544 40
173 315
261 238
3 294
243 191
104 387
457 310
293 144
348 186
350 301
87 137
457 312
309 477
317 241
129 158
311 262
372 25
406 379
96 208
249 199
465 251
506 422
203 149
382 337
41 74
511 461
406 439
309 47
409 521
377 372
453 18
457 394
233 146
293 438
458 543
285 534
300 306
357 314
257 405
61 50
142 229
351 52
302 174
487 154
547 384
104 196
33 351
335 61
39 96
368 63
39 215
262 360
483 331
200 143
63 377
54 170
186 44
390 242
232 329
201 453
97 409
314 176
192 301
332 331
130 242
36 136
509 169
100 343
445 256
489 521
159 472
8 439
454 225
15 531
415 310
481 166
514 517
373 376
136 501
53 313
412 443
86 511
467 325
58 376
362 371
78 14
533 387
206 290
154 101
87 487
346 400
326 495
294 264
423 442
82 29
226 169
497 278
264 66
474 293
75 537
209 219
797213
638312
902466
486343
529109
316134
807639
656990
174396
893741
483108
909585
714956
504278
724422
626796
229542
444860
204671
143676
872781
491649
885108
996437
492073
463498
584112
194382
115654
296575
765791
969792
205843
346508
163348
206602
812195
197602
339075
215888
403438
986678
874504
444279
107793
139457
279646
434922
759114
429055
856169
463128
101245
221552
235117
461364
113970
687130
498900
447092
792021
972933
125931
280723
9076
50493
781734
217231
158533
74068
838296
329324
788701
220830
928508
408303
392442
558387
265775
539875
809658
488496
482163
608663
784289
894454
936813
706781
130327
356073
772392
274765
637992
220338
314512
597249
392450
518334
699000
776727
58171
999804
165845
349298
641224
166051
420992
636473
249991
555499
345144
419158
625014
576719
598685
667704
695737
430289
810806
819345
263064
869109
46125
181273
229183
145797
728461
164233
428797
856204
67467
96353
822981
854747
229498
388003
60976
54023
469909
174613
310456
488809
551033
601411
848766
243548
834536
69754
9158
796163
401160
453135
88566
32640
459681
688854
90074
841918
295523
564715
852771
897704
959582
401837
943011
824240
438983
670333
875411
229129
658490
632132
931214
410925
62131
14954
175635
958872
832851
742368
498374
104651
786657
596503
70575
20042
589062
43206
378170
772190
863504
10792
671670
392531
527665
322555
861206
398971
927485
402818
282803
439466
264559
247493
582344
679864
686308
672076
572916
821698
447838
16743
209851
64681
351491
612585
625605
539409
639388
668264
167134
803811
458454
667391
103797
948876
229444
924300
2077
55228
39195
425010
463119
62184
547637
597336
330278
315465
311310
308456
735329
429018
646410
885969
11748
563421
108909
813445
635448
346007
862945
133436
548934
592911
960948
230256
963744
898323
573784
643806
1209
541876
5601
492619
454759
197893
883850
985661
194280
257632
486769
612606
630170
912608
57302
681245
757890
117096
668511
529452
549382
147931
13975
637251
338995
6690
782315
282363
211640
783529
342124
223156
156008
44258
138128
797775
277820
580288
114608
21877
433423
427965
682379
869390
886624
676821
389250
362891
640147
256393
818138
847261
23793
151325
152125
7291
563811
541402
577721
326816
145723
645133
72128
258955
938220
184134
635494
194429
483149
826330
1382
686270
292377
315489
124062
992729
471986
78840
980046
262107
414041
79488
200157
289880
184248
387998
900564
118374
686232
867641
565856
721184
242475
91327
418132
366180
485380
48544
809125
358358
254618
604177
320045
846427
837577
456459
572457
42078
371920
523017
796603
597390
46035
600654
860584
234910
494427
998556
609882
572676
958162
129086
369119
452154
509192
195519
950569
141440
851120
775601
599564
110744
692259
47207
221316
482633
571868
659707
511660
931357
37370
333769
143943
183587
549826
627121
376251
238189
305370
14809
452433
794131
260559
578281
464375
360942
746064
500366
516414
359582
816497
452343
641948
418309
266985
630875
448299
818954
303507
236081
345832
912662
581105
980982
54516
530138
699237
238699
534999
644487
404470
868308
778808
352149
361681
162299
699430
950589
960389
304683
493459
715519
402373
409589
102228
585884
791786
4973
860770
962844
535343
92718
915547
707274
486836
498130
607938
484660
700603
693435
979194
976876
560814
74510
277711
670665
400727
973746
842158
513190
304934
925718
630376
984097
455343
349032
66419
838366
930217
739294
234601
621954
268271
249457
141383
567288
740227
580508
963759
716463
971271
296610
722087
838362
496322
323142
201431
769967
695073
734352
191182
842729
401651
727823
661438
536518
29036
761361
991420
738761
880611
356525
622209
227449
779732
31546
23787
472160
275806
36181
299901
814989
430534
597215
213403
301139
918451
96892
787855
364936
867504
212949
547143
522246
661485
253654
753428
147629
904509
930225
155884
221023
437593
459226
897769
3395
361564
557129
807048
608451
948166
851388
517739
289677
881082
416882
368087
226390
450815
118256
580215
57746
169922
422207
241431
538430
964626
285676
189738
479574
426339
506183
598661
913695
283084
988133
822753
573598
709321
151455
233437
730207
81146
26832
246009
180784
951266
562843
894044
813475
477160
62562
9039
690447
807001
712912
750976
216079
980196
882896
169920
81794
84637
805652
565638
652425
920763
771279
205802
129357
762266
834363
448938
413238
303866
65172
160680
739572
574782
307546
513577
571002
752173
267027
133976
156159
223284
257607
665345
574651
6435
958851
329943
67248
998571
544726
612015
356702
581735
331287
390274
392781
117648
62173
326895
924039
550918
225285
697846
780891
507150
458224
159999
923740
270351
566850
676497
587872
881684
890724
527003
488130
261645
248835
516782
469024
207374
941519
692736
669533
187726
463421
668459
264224
198377
789189
980524
969491
291551
977061
726117
72357
456659
836508
362972
540232
659213
332015
921658
587764
1272
592104
634572
135842
11300
309906
140997
207442
473733
777662
363002
252230
228018
464897
350948
691204
408999
697140
217634
848856
202116
419507
357877
363280
986124
733214
150146
394366
396902
364955
41811
514234
786784
905234
755926
133597
506471
233839
143900
315527
902416
205731
610524
456793
271826
98212
20974
606844
557769
256745
475152
428888
10101
924207
850980
646750
480121
711798
924080
154687
819997
293829
612957
485874
231884
293602
29816
209842
336342
126810
743412
939069
30703
523775
699558
137239
902766
918757
698184
700485
954896
698852
335478
365330
359090
106521
543220
577678
308826
222949
745190
827849
890223
503021
98391
377436
992124
107992
318451
722209
620914
498708
753740
820150
414179
15377
941528
34815
497415
689028
998578
356065
826682
236005
137237
684871
234748
145394
401508
50848
856816
735786
175909
49630
718750
715027
557761
598457
577585
295540
891653
140971
756729
131996
778084
653682
557354
331161
535155
421585
864796
673473
425388
328462
225161
709805
462828
301429
604370
365241
214516
172052
654138
635461
760300
568510
591017
445303
872411
990984
901994
432439
611632
372879
896557
183986
597885
439919
855942
238359
50038
973325
639661
991069
336438
227087
700348
238395
749179
467102
355316
137646
531045
192555
216440
841911
900859
311207
228944
416346
909350
673545
508199
498592
649907
597261
596814
437142
914645
357423
556279
260428
234081
900468
922042
582551
525969
97761
173203
921615
513154
935937
680354
918097
365174
378020
782826
64062
883474
768027
758099
270715
291744
553725
953449
779247
450639
688101
75802
401352
960686
439217
213947
808119
849525
714949
797508
792303
318972
967942
33871
37481
482625
185439
81501
754467
749351
496127
61585
738204
528753
25561
383987
312858
435723
168163
362478
578021
668930
599319
664531
473737
630151
23734
431764
437656
644272
110848
657034
368421
509687
658044
945135
944010
883513
678711
976932
294883
54136
136253
324588
249553
413529
897825
199407
509048
415335
973563
99896
823681
974350
463076
773944
906008
253665
918588
150657
367151
478868
22117
778892
622522
648579
261062
813491
435633
410921
184200
286775
976465
115369
258716
21947
1627
649353
762419
959047
999891
130290
506565
901191
78019
571186
266059
542409
95286
983546
818693
588098
603645
937376
204405
70410
560877
820830
564641
268955
452254
389073
99477
978326
607278
143739
194718
425535
768892
38466
884176
272060
849965
494766
707521
487449
433643
96239
74892
57159
518689
52116
207952
619480
74304
687701
722734
100804
495102
867850
112655
927080
399057
447538
774939
488130
108024
589741
904578
501814
598387
885122
640695
827596
556358
310170
662192
594160
63097
979203
167208
231088
24219
419054
973917
945922
368123
928562
783635
261051
206061
551110
434510
774361
347019
910539
800796
41658
770353
983872
461321
104610
264576
89867
296808
493049
470684
490679
278161
811339
284398
889648
126046
958790
670883
316681
989741
508352
88491
713206
677537
378542
972603
195603
172385
877230
635787
698588
43799
268094
613336
133106
374385
36546
170979
665948
230116
732098
671921
612291
157604
5546
335625
999093
421678
829449
306681
446499
270143
491474
857169
756708
643737
811486
59175
79216
81157
705767
205265
844965
868748
200270
154030
567941
491388
700567
960989
222965
221866
703080
28100
396480
658922
799566
276618
493458
669912
770423
732446
815358
946451
836217
826734
886905
230844
903689
293809
625245
221052
35461
915421
44774
626043
209195
571377
513464
190698
223071
554541
515991
391418
62378
618197
579181
126114
703477
279922
27912
373789
370898
505233
575641
615273
145395
487873
302519
710921
722353
940953
271450
605124
692871
58736
847648
905893
553108
447971
565643
385465
457820
176915
252929
229076
902792
117541
947402
274060
565473
20032
497430
83579
74585
942226
476021
793282
716418
349643
573149
985153
418645
763104
150183
908320
162541
978761
883154
542281
828425
253699
498751
519595
531213
748048
156083
661560
528130
23218
753432
90280
993937
120372
655420
302324
696140
600481
508944
208156
344742
193674
963051
682082
867125
348420
22917
336333
172727
742568
184572
707367
842570
22034
326866
407935
264243
169506
93229
437351
965656
752382
427798
322422
611654
480846
589562
645832
195628
280830
906732
569209
36829
172544
459937
735662
313298
393864
22003
498573
629990
435534
770719
911423
450136
190095
275078
559925
623437
328459
594032
192224
228235
60296
579268
248951
379519
757647
20497
391733
645879
154986
305353
538585
751977
842476
553472
999844
762795
262185
683505
408094
873337
673849
801977
101138
425778
340473
746715
48589
655194
224779
849978
932835
699610
429649
89250
293802
51388
236021
617792
508349
941487
634532
744421
665722
365577
646990
38727
150405
395584
6825
8704
965251
100272
510123
71756
626911
624088
361171
450511
834248
969565
3808
325197
294961
777989
841112
533745
833743
813629
252354
229255
855263
929812
923949
409090
838174
804157
109543
921718
975759
700945
568518
857374
84793
489931
978659
838744
788006
77898
933082
884132
280869
711251
599884
662057
285256
847116
195485
634224
194407
838146
284534
139110
15451
796388
692995
822622
572612
783238
673654
804878
508164
666143
291650
329101
990786
75979
488546
732507
192999
190985
395024
887385
574180
232062
900174
648396
314090
145264
797152
417567
10737
667788
87055
195166
426482
937761
920744
104572
273004
680163
895547
304973
954147
522281
957085
959948
48860
103086
365030
110039
755811
188820
71412
765294
754437
643997
839014
410168
646294
798000
805089
56126
415725
699930
236111
616110
445923
182986
276955
843737
972375
275988
185974
540789
862316
223855
101845
751196
515850
928631
337009
600907
470361
409643
239494
677412
880265
589808
401876
153324
593933
461708
7329
449614
11547
219180
646069
249750
802286
412191
707932
126967
365636
624345
810216
743813
312096
743793
215852
820796
48329
506339
409922
754743
348873
177230
125382
543482
475503
406903
715737
167656
261966
294725
821023
672078
222139
266435
958657
89366
209619
843681
883436
26645
871155
215346
502736
159934
655486
134896
934433
751980
63003
128052
21722
8476
643443
862590
166197
814000
340599
738035
442356
818989
478809
760729
66971
365054
325966
31965
797300
273711
974418
484751
7946
244275
282148
459104
786990
53406
70214
755370
165557
564396
765630
71208
79543
944504
718872
756730
977298
277638
708450
887843
807013
782458
542126
694346
289430
442718
37907
40252
127436
505120
327148
102825
816758
946641
16984
103906
881090
801191
941048
174433
802790
841276
831093
594881
345051
901453
667319
132354
737629
966844
797550
306439
889517
136847
796685
817496
858383
673711
443786
866912
506955
147753
414368
672431
932464
384368
995982
236153
242957
761880
605589
74005
270454
860445
432381
492927
241797
428955
660944
346006
513430
702995
70173
589407
238922
717164
765559
772097
674566
328687
869236
392903
643121
936714
142831
444641
606712
531599
768582
571363
897997
796082
255964
924996
753060
496078
18967
573536
756854
320416
919076
735927
225406
969418
130159
830380
451390
827666
117291
247303
267835
627168
981968
386483
417532
719812
724631
41408
203919
606190
255104
294242
595141
360692
229773
474864
900401
251471
247428
466726
539180
445278
712113
593124
714388
812961
341474
624941
752264
819712
116713
335913
55342
323394
173150
19619
406382
6678
324698
582731
750324
774925
714044
120309
261490
799902
977320
969112
56859
451617
825475
628176
125033
113300
66745
255837
417496
7833
922616
648610
704937
739382
817714
308967
792352
509779
12190
511383
364166
645120
573239
366850
352104
95789
187
877788
195093
988720
319854
56893
228708
698114
216981
204255
679724
99586
831355
789667
884555
84529
204784
238795
149408
938036
841604
226497
186960
485781
406672
615631
834308
337474
635182
935782
519145
768333
953916
89496
839471
885994
965854
532829
727563
766836
31352
261393
415798
517289
130936
16436
294507
591849
890122
521897
874541
719930
242273
843192
703486
700295
151413
485964
54889
513437
722624
522230
164985
653933
688256
132840
976255
75789
961976
853434
592465
968374
990702
44264
498565
207047
813870
710802
4538
285697
633542
318907
912976
178249
350089
477259
824619
776490
510476
101645
118516
842576
709547
119090
250327
374157
494405
239692
532614
193240
791292
231443
585908
627785
253558
135651
173339
347550
455967
760124
418999
747642
329829
821761
344521
875424
444346
141562
14677
806780
987733
423570
164965
463643
549874
573722
655939
532206
809101
12868
613890
211659
725867
930664
263286
281068
832977
263875
670967
939309
196618
971827
895075
668050
342950
560508
910873
679232
662774
896134
530878
447103
974353
656476
545020
337150
601170
715182
149886
684111
116247
717008
16181
635110
732419
938426
419862
60639
305597
462598
654810
935605
127984
134965
837116
144907
407817
985258
982783
410279
801020
12013
321190
757106
879871
794026
754937
601850
624716
972783
612935
691248
45219
471281
652190
469674
439495
96520
254549
436962
942652
525614
355778
402485
389455
798788
311364
741413
48270
691597
301947
321687
382156
65649
319115
200085
29919
491772
629149
960078
687137
982876
