20 100 30
57 2673 653 1079 2401 2155 1214 2308 528 420 538 1554 2302 462 301 79 2591 2568 933 600 
1 2
2 3
2 4
2 5
4 6
5 7
7 8
1 9
7 10
10 11
2 12
12 13
9 14
11 15
12 16
9 17
1 18
17 19
18 20
6 6
7 17
2 13
13 15
16 4
16 9
6 12
18 9
15 15
3 14
11 19
8 12
8 17
7 9
12 2
17 4
10 20
3 4
10 4
17 8
1 10
6 13
8 7
12 7
7 7
19 13
13 5
19 20
10 11
19 10
5 20
15 20
16 9
6 4
4 15
20 11
1 14
10 2
10 7
12 2
1 2
1 10
6 8
5 12
8 6
19 12
11 9
11 8
4 1
3 15
6 11
15 20
18 8
9 2
14 18
9 18
1 17
15 4
6 10
3 10
5 7
17 1
6 20
16 1
6 20
10 7
15 19
10 9
3 2
18 2
6 3
8 2
3 15
10 8
9 2
1 15
15 1
6 2
15 9
18 7
6 3
32164
25894
54583
32489
19709
17442
48459
26524
10881
25620
56654
14272
1006
34640
39893
37908
18992
47231
16778
51434
29900
50844
16521
7624
43321
48920
49572
13737
15746
55574
