550 3000 2017
2760 1608 1413 774 2279 2271 1125 778 2301 2838 1998 546 1512 2074 662 1176 1986 2808 1178 1775 1123 2134 744 85 1478 2504 1595 546 1528 1965 1007 160 2919 281 1710 1731 255 451 2443 1306 1859 1738 116 1679 50 1315 949 187 2143 1150 1635 2446 2613 1891 2293 2126 1659 1375 514 1069 1357 779 767 176 876 702 488 2989 647 1746 498 77 2321 421 2702 123 1284 1641 456 1051 2846 2397 2120 102 947 645 176 1253 1532 1528 1184 2612 2399 225 1279 153 1071 49 1947 1749 1581 1034 843 1787 2631 1943 1850 86 1712 1218 1566 2720 2040 606 2818 992 2181 886 657 2563 697 1517 2069 1582 1231 768 2183 595 953 328 2951 2003 1811 2645 990 2699 2581 2424 321 337 525 503 713 1481 1979 2735 1881 1315 297 12 120 1791 2835 797 64 2340 355 1014 2238 1877 1585 2381 171 230 2089 2353 1498 557 740 48 219 668 307 1561 1751 1798 465 41 1197 1064 513 945 2837 2618 1169 1583 875 806 1509 2324 1861 784 39 2647 248 166 1021 1920 2049 2442 219 2671 2312 2590 107 2278 2585 1544 2610 612 390 790 2669 1516 199 2827 2003 997 2636 2923 1285 507 1516 2739 699 2398 1559 2644 2217 785 1209 2610 1978 374 1639 1712 1900 2152 2311 1695 2605 2136 2123 2534 299 2309 1183 2379 1882 1686 292 891 1505 585 91 343 262 1970 2982 1448 676 1140 2435 956 2986 2139 2978 1361 2054 197 73 1938 2882 1134 1726 360 1405 1819 1653 1106 733 1434 1987 2472 1387 1568 1594 1300 2735 2834 901 154 95 89 231 17 1058 783 2375 2426 2402 1647 2207 2297 257 1724 101 1123 2842 1064 2593 1015 492 89 1832 2375 2611 607 1081 257 1903 224 2134 128 1561 487 2293 1273 2019 187 311 1283 1471 412 328 1742 2787 860 2585 935 235 1971 1107 523 1407 2331 2749 1179 1015 141 799 734 1397 2044 1071 765 2626 2640 900 539 307 2598 306 867 1181 2390 2245 1879 1607 788 18 2702 2063 452 2650 1381 2039 2672 2856 1177 1369 524 2349 2660 625 956 2305 2711 770 1068 2917 1575 1836 791 615 2371 381 2156 350 1188 1165 1662 1511 1813 1270 1635 2567 822 2259 224 1010 2924 2136 2091 1147 2371 539 2761 2164 1870 2170 2969 1401 2014 901 448 232 2474 613 38 1155 94 1221 393 2378 2991 2496 2328 1786 2413 948 1931 2339 1298 1941 2626 2801 2306 172 91 712 476 1625 296 1222 1896 2807 544 1883 953 2888 44 1524 2357 544 797 1201 906 1774 2092 2891 2899 368 1570 938 1899 2335 361 734 850 2867 2874 1285 2246 2168 449 604 668 2169 1654 33 2071 67 166 2744 1216 1518 2985 69 2094 831 933 1818 1664 2257 747 409 1657 1334 2048 2260 2026 1977 1175 1954 159 1221 2276 2197 651 683 652 1418 2581 2248 2076 385 2711 2533 2439 2502 276 1323 2540 86 499 2967 2671 2086 2217 346 815 2041 499 468 2352 1760 2516 1442 1610 
1 2
2 3
3 4
1 5
4 6
6 7
2 8
6 9
4 10
1 11
9 12
10 13
10 14
10 15
13 16
10 17
6 18
4 19
6 20
3 21
17 22
1 23
3 24
14 25
5 26
13 27
13 28
3 29
28 30
24 31
4 32
9 33
32 34
16 35
6 36
17 37
10 38
27 39
22 40
28 41
19 42
30 43
2 44
38 45
2 46
7 47
32 48
29 49
33 50
16 51
4 52
21 53
4 54
7 55
43 56
29 57
18 58
23 59
23 60
26 61
53 62
51 63
63 64
19 65
9 66
20 67
6 68
20 69
49 70
50 71
65 72
63 73
47 74
16 75
24 76
35 77
54 78
60 79
66 80
23 81
29 82
61 83
34 84
51 85
22 86
65 87
76 88
37 89
10 90
29 91
72 92
79 93
77 94
63 95
5 96
86 97
5 98
53 99
38 100
62 101
47 102
32 103
5 104
93 105
104 106
72 107
88 108
73 109
38 110
86 111
52 112
46 113
76 114
94 115
53 116
112 117
64 118
4 119
36 120
36 121
118 122
45 123
115 124
20 125
114 126
45 127
81 128
60 129
16 130
17 131
90 132
24 133
121 134
134 135
65 136
47 137
43 138
88 139
64 140
29 141
24 142
70 143
42 144
28 145
131 146
108 147
105 148
107 149
61 150
134 151
56 152
107 153
133 154
42 155
81 156
151 157
69 158
5 159
103 160
108 161
122 162
91 163
155 164
144 165
52 166
107 167
24 168
54 169
130 170
107 171
72 172
9 173
132 174
37 175
112 176
24 177
11 178
97 179
51 180
90 181
54 182
140 183
67 184
107 185
83 186
127 187
178 188
119 189
29 190
44 191
171 192
13 193
162 194
136 195
62 196
127 197
129 198
126 199
149 200
16 201
119 202
145 203
61 204
14 205
173 206
14 207
199 208
89 209
125 210
140 211
135 212
120 213
159 214
148 215
201 216
106 217
149 218
98 219
28 220
220 221
51 222
165 223
62 224
73 225
211 226
1 227
58 228
174 229
138 230
38 231
171 232
167 233
70 234
45 235
114 236
193 237
93 238
47 239
69 240
41 241
98 242
63 243
23 244
89 245
44 246
35 247
31 248
122 249
105 250
221 251
141 252
66 253
56 254
41 255
40 256
199 257
1 258
3 259
183 260
183 261
189 262
56 263
157 264
1 265
27 266
195 267
161 268
200 269
68 270
259 271
68 272
15 273
56 274
177 275
203 276
233 277
162 278
32 279
219 280
242 281
204 282
223 283
179 284
201 285
215 286
129 287
6 288
175 289
170 290
99 291
208 292
55 293
174 294
276 295
29 296
192 297
172 298
13 299
121 300
201 301
48 302
175 303
172 304
243 305
211 306
302 307
257 308
272 309
263 310
156 311
196 312
289 313
291 314
52 315
81 316
13 317
137 318
38 319
73 320
41 321
150 322
2 323
48 324
123 325
244 326
163 327
258 328
243 329
2 330
115 331
9 332
294 333
147 334
318 335
190 336
317 337
326 338
29 339
140 340
246 341
54 342
40 343
234 344
97 345
333 346
81 347
219 348
230 349
328 350
221 351
254 352
317 353
118 354
182 355
153 356
70 357
211 358
242 359
81 360
162 361
93 362
325 363
332 364
269 365
262 366
105 367
43 368
37 369
219 370
91 371
251 372
267 373
5 374
43 375
345 376
225 377
225 378
156 379
254 380
76 381
9 382
84 383
315 384
371 385
215 386
174 387
345 388
347 389
364 390
310 391
193 392
85 393
235 394
346 395
353 396
41 397
337 398
35 399
136 400
291 401
213 402
317 403
361 404
175 405
208 406
332 407
263 408
329 409
50 410
41 411
251 412
111 413
226 414
368 415
210 416
275 417
59 418
344 419
196 420
156 421
401 422
120 423
337 424
300 425
387 426
119 427
155 428
317 429
263 430
17 431
370 432
416 433
253 434
268 435
199 436
187 437
299 438
43 439
402 440
97 441
131 442
181 443
234 444
68 445
247 446
220 447
74 448
229 449
175 450
422 451
3 452
272 453
282 454
193 455
272 456
7 457
194 458
372 459
311 460
383 461
36 462
398 463
386 464
34 465
233 466
354 467
355 468
353 469
224 470
255 471
67 472
417 473
240 474
169 475
243 476
33 477
115 478
151 479
439 480
178 481
272 482
479 483
97 484
291 485
67 486
152 487
388 488
470 489
375 490
150 491
330 492
442 493
428 494
211 495
351 496
98 497
32 498
142 499
229 500
150 501
282 502
205 503
57 504
257 505
396 506
81 507
195 508
475 509
371 510
376 511
248 512
448 513
243 514
122 515
128 516
477 517
463 518
434 519
109 520
137 521
328 522
171 523
520 524
310 525
244 526
492 527
38 528
329 529
508 530
58 531
7 532
491 533
152 534
64 535
170 536
113 537
514 538
225 539
314 540
183 541
393 542
214 543
385 544
121 545
91 546
339 547
391 548
466 549
488 550
443 538
436 326
500 61
233 453
77 256
39 59
123 182
320 416
327 121
310 92
366 454
403 281
62 352
516 529
548 494
51 72
119 474
220 535
274 464
152 243
78 160
118 282
510 499
277 297
88 281
544 334
518 212
389 245
72 284
197 72
55 460
54 325
418 157
263 231
329 446
383 232
179 99
243 482
12 534
202 171
283 287
367 96
4 64
373 26
193 339
352 120
296 351
540 443
510 444
15 134
450 324
1 208
359 216
117 345
506 478
450 189
311 376
228 21
196 345
515 313
201 389
378 249
51 32
313 410
26 550
53 343
296 218
479 346
276 26
398 520
424 104
476 169
119 393
110 383
465 414
157 130
187 464
76 302
412 192
344 511
473 80
401 359
279 205
47 396
367 388
114 422
364 234
104 312
25 338
480 458
437 136
494 448
469 281
285 366
384 544
97 460
55 65
7 328
112 340
517 265
195 434
494 435
255 486
460 484
201 452
99 166
405 283
110 167
87 37
360 165
328 293
14 275
505 190
421 34
111 229
226 538
188 233
40 488
196 434
294 447
90 352
240 165
536 102
306 309
453 312
64 240
22 246
362 502
396 467
294 138
301 10
460 533
48 184
405 377
22 409
288 435
233 41
550 108
478 213
239 288
282 48
108 191
371 92
361 487
34 195
417 68
267 3
445 250
110 204
29 314
56 383
400 174
65 402
444 296
306 177
220 540
255 544
41 206
104 254
66 276
185 102
14 535
171 424
70 72
299 222
122 377
38 452
466 94
32 187
374 435
122 230
525 529
496 40
452 253
349 416
285 365
426 120
533 151
460 112
321 364
538 321
13 424
284 202
146 521
259 125
498 240
459 97
68 338
176 231
363 167
379 383
80 129
96 504
120 373
100 230
94 290
107 278
68 498
37 125
24 200
83 466
421 161
542 327
337 261
338 537
298 196
359 237
134 25
96 21
476 325
142 248
78 179
22 256
40 505
386 526
330 287
84 371
7 282
260 261
34 345
462 72
22 457
17 416
229 31
453 339
493 415
411 75
61 25
21 430
1 220
15 9
484 273
520 256
386 149
393 64
119 69
399 534
83 297
293 298
54 336
323 70
475 49
213 447
434 208
387 348
43 298
153 375
360 267
314 228
343 361
419 490
184 541
315 333
499 344
272 167
283 12
508 501
435 64
381 256
81 454
532 177
27 243
257 163
499 271
179 2
250 512
12 450
195 105
287 236
275 313
481 120
394 81
71 324
236 464
358 402
196 153
182 182
387 125
275 154
162 41
43 315
12 529
520 82
2 151
68 382
321 249
229 289
68 447
269 440
232 400
419 87
234 181
538 146
223 280
208 299
317 180
295 180
25 58
21 262
142 405
508 286
212 293
498 530
53 129
388 258
539 393
144 380
167 210
362 414
222 192
227 213
332 405
450 183
301 408
89 191
20 340
168 486
14 220
273 45
137 93
175 123
433 191
497 99
485 531
299 385
376 161
384 13
10 504
253 51
475 319
208 276
515 108
121 111
45 542
441 185
394 44
471 392
223 512
37 73
399 546
116 398
379 271
380 176
161 158
224 218
33 51
124 117
273 14
483 12
392 130
124 233
83 279
464 244
540 286
329 387
277 510
45 105
12 469
86 350
463 217
419 494
49 508
10 284
426 30
266 266
529 240
203 374
315 146
35 434
299 195
387 385
133 342
79 473
325 19
440 394
330 95
79 290
262 178
153 460
509 339
129 326
100 344
168 289
458 311
477 454
3 1
120 467
356 26
355 135
337 483
524 354
11 288
179 133
523 102
399 281
114 325
3 264
250 12
26 158
398 318
476 441
9 118
97 373
288 546
222 542
340 75
83 404
361 28
38 382
45 62
307 290
447 540
221 479
415 330
358 375
539 15
133 517
208 505
364 117
252 518
40 89
242 3
218 203
88 7
536 80
347 195
496 57
21 15
156 109
111 368
208 507
6 328
325 351
279 438
298 390
249 108
397 75
124 327
30 92
68 521
264 217
202 103
516 208
383 46
510 185
213 308
528 478
412 201
508 231
455 477
486 503
162 329
228 479
468 423
147 361
449 113
6 463
517 119
490 390
155 32
13 329
115 52
123 165
355 293
280 223
352 180
442 360
475 527
26 163
44 316
273 96
160 55
547 10
255 125
508 296
355 368
460 232
76 297
401 209
369 146
104 461
78 303
110 304
78 348
50 284
455 444
76 538
9 358
376 109
347 102
51 290
409 414
486 465
64 125
534 421
260 298
437 544
139 368
329 87
349 434
380 506
262 14
434 303
132 293
415 32
243 530
214 142
111 65
55 18
213 197
42 104
265 23
230 222
346 81
80 135
517 163
314 100
78 213
287 478
490 382
479 245
199 22
151 531
8 298
546 175
512 112
118 18
300 459
78 40
128 261
426 46
11 545
244 546
364 209
421 164
142 497
294 502
5 356
547 379
149 420
178 327
19 28
272 94
391 526
23 379
41 344
22 324
370 518
152 325
425 458
314 528
258 257
133 248
488 109
461 443
408 502
235 102
161 291
187 476
157 544
17 531
317 99
68 504
32 506
338 534
282 93
256 201
236 131
495 271
361 239
251 508
305 222
262 241
338 242
60 395
51 497
473 178
116 261
226 388
470 133
141 371
40 313
269 516
399 487
458 12
11 473
302 165
53 397
30 221
116 189
434 307
497 438
234 425
95 242
503 371
464 20
316 143
62 536
81 416
23 108
111 425
369 550
9 147
528 117
89 313
16 537
225 157
319 313
168 253
537 278
2 422
494 217
194 82
244 275
318 69
234 510
87 333
428 245
530 125
400 18
118 74
496 314
201 482
367 140
126 530
473 63
517 233
229 381
117 259
188 96
383 464
330 209
234 367
215 127
299 130
334 168
107 173
216 353
54 61
269 147
330 400
290 29
509 174
173 211
106 522
130 259
343 200
212 49
457 152
391 170
381 550
124 385
193 101
437 194
454 61
113 84
307 350
143 471
27 15
16 108
175 238
475 426
288 114
301 478
191 399
371 357
533 394
224 151
503 57
478 257
365 124
421 143
184 386
125 133
187 522
284 137
21 204
236 443
424 303
203 190
200 31
143 160
394 449
217 116
211 163
292 424
133 249
201 38
175 59
31 57
482 302
542 348
345 185
73 168
285 352
214 147
59 157
11 77
176 122
31 44
538 232
85 65
128 245
83 12
83 92
210 137
515 200
7 538
517 190
438 193
530 206
194 108
436 13
216 94
439 280
369 231
98 467
381 213
518 423
197 205
27 30
480 279
234 236
381 401
364 469
131 427
281 398
460 129
264 176
304 441
289 264
487 492
398 297
312 432
162 122
412 42
34 298
429 341
249 319
438 16
492 327
175 92
422 171
518 20
116 427
73 200
507 471
9 535
43 5
190 69
1 137
13 265
128 204
533 511
415 403
20 229
86 94
30 75
532 457
70 437
16 91
190 201
337 323
94 140
532 518
354 391
536 205
396 495
475 19
401 61
465 162
440 215
207 343
422 201
300 345
293 518
359 533
477 40
467 149
158 79
57 403
41 156
95 101
549 104
456 85
214 11
478 178
145 318
263 384
368 536
78 298
216 333
523 522
289 279
47 233
366 414
488 32
390 278
418 510
7 97
546 438
240 148
7 289
240 143
123 318
385 2
13 121
257 488
115 257
108 479
540 205
158 550
10 336
516 347
376 506
386 358
495 165
217 122
454 146
144 314
200 490
63 366
362 357
480 381
532 5
410 296
134 512
356 510
484 203
481 227
196 70
288 438
368 19
435 234
265 535
436 254
36 300
490 193
309 428
310 118
186 277
280 442
281 315
335 216
465 328
289 255
305 325
336 273
224 267
335 101
113 316
473 149
184 403
496 435
336 173
153 480
150 175
72 305
177 228
477 205
301 315
24 25
371 232
342 14
265 92
316 535
549 127
388 340
91 365
408 171
402 426
5 349
391 288
224 11
313 357
32 447
509 156
493 389
410 298
82 255
140 246
161 422
269 91
516 107
533 141
265 401
26 412
380 7
5 117
329 244
340 531
99 344
474 401
325 355
548 114
25 330
42 539
55 453
282 463
145 306
82 477
100 169
491 495
427 500
431 99
152 312
105 239
38 380
300 111
350 275
153 267
289 101
75 242
269 344
375 28
181 35
203 160
520 353
440 64
451 192
206 133
6 400
350 491
505 471
233 148
550 453
359 283
263 198
254 27
316 286
276 539
483 28
473 17
337 365
425 114
28 93
124 273
78 10
279 72
245 51
430 200
212 191
209 191
321 130
442 429
21 107
230 166
185 216
381 247
411 497
414 114
498 182
280 178
473 160
223 391
342 14
346 285
442 221
510 233
509 342
241 319
485 366
506 421
267 512
191 511
442 357
402 443
127 417
272 68
216 316
73 81
429 395
276 168
316 445
125 375
526 542
203 312
224 71
68 425
434 264
486 75
302 288
176 333
362 191
335 234
152 128
469 167
196 486
44 180
180 227
84 68
38 39
241 313
446 528
278 438
358 449
17 242
176 178
186 327
42 443
376 512
112 358
110 377
165 433
24 338
549 534
344 545
501 471
176 468
239 159
7 295
314 145
372 212
41 16
445 373
87 381
449 489
414 156
237 17
365 128
412 185
374 374
104 470
38 330
377 442
50 321
436 105
402 62
210 271
510 525
294 546
225 359
137 82
446 16
408 84
328 549
152 137
279 447
326 139
128 436
106 547
90 180
196 15
282 24
241 14
397 237
115 6
152 99
498 462
316 67
122 514
18 452
448 132
104 129
434 353
250 259
421 152
47 43
374 300
393 473
450 444
336 476
489 411
314 237
473 440
533 69
174 414
174 547
384 437
177 548
515 302
337 351
492 345
239 143
288 174
41 184
34 368
348 374
457 217
514 142
11 254
128 347
286 205
319 105
284 288
213 495
448 83
528 1
180 341
58 112
64 222
64 343
215 173
309 33
505 65
207 265
304 297
502 310
379 492
347 347
8 116
245 45
457 470
462 187
529 381
393 320
113 142
193 471
183 397
29 200
46 227
319 406
427 251
240 416
312 126
120 279
105 338
330 388
329 543
64 480
207 311
195 45
234 52
508 475
285 404
505 157
21 321
326 198
231 360
217 271
143 110
422 218
254 365
287 549
279 372
415 261
164 364
463 403
425 509
211 387
312 119
239 152
470 238
75 39
492 5
374 530
42 11
37 86
360 230
197 30
231 533
363 308
393 88
80 490
75 234
39 311
53 318
248 531
187 226
20 541
187 293
40 296
438 131
406 397
325 292
307 485
308 79
228 371
332 116
473 518
273 182
231 329
73 540
158 88
219 254
29 502
83 454
366 191
74 29
336 169
279 432
80 452
339 533
298 92
427 540
231 98
313 168
533 191
66 78
311 1
219 505
27 498
308 340
386 64
471 260
191 53
263 540
105 449
120 332
364 285
342 43
17 272
6 214
191 262
186 115
36 446
186 246
456 392
290 46
490 353
424 231
217 43
80 111
504 542
24 212
41 93
430 448
180 384
373 66
73 339
352 110
335 365
546 522
248 26
296 226
51 322
259 259
335 436
545 534
237 200
130 106
157 524
260 518
221 108
494 61
547 118
73 81
239 448
191 217
184 473
209 271
33 287
182 235
265 264
181 284
315 319
252 135
116 367
177 360
129 316
198 111
69 546
506 347
542 238
469 454
233 528
520 279
466 112
426 238
413 20
26 48
272 14
463 226
304 450
351 149
443 414
119 313
133 181
369 224
150 69
492 52
271 125
382 128
135 163
234 8
460 30
478 117
40 466
77 116
378 76
20 390
161 542
544 196
401 167
90 518
342 317
184 214
288 542
45 311
194 182
526 106
518 288
282 390
128 519
28 131
284 268
361 325
161 303
448 341
189 530
495 218
366 180
447 388
414 345
219 237
84 268
221 352
289 303
523 311
492 451
320 172
18 378
517 537
12 263
23 39
49 410
350 383
508 316
325 296
197 140
425 16
115 529
548 522
224 494
169 89
243 24
140 413
415 61
238 435
383 161
266 502
418 347
71 400
355 205
78 14
338 512
264 234
385 306
477 367
48 423
530 348
547 262
498 519
309 199
139 132
549 212
259 317
539 82
214 222
131 383
539 528
176 60
494 302
443 78
276 380
322 9
395 134
304 256
256 512
91 410
279 303
270 348
39 398
408 117
83 357
80 381
309 347
203 204
392 104
93 333
94 306
239 22
284 380
151 382
331 539
354 63
310 41
406 371
11 429
303 157
460 517
533 465
359 73
97 375
71 315
91 11
104 22
470 431
221 299
112 159
272 153
413 388
431 101
511 91
435 387
95 353
470 426
108 449
295 493
371 305
363 350
262 433
507 454
464 408
548 441
149 161
205 132
98 315
285 61
451 56
438 355
86 225
18 45
256 245
532 89
177 172
507 182
371 354
282 224
128 119
500 328
539 275
283 193
77 24
526 204
352 445
271 390
168 121
335 278
487 181
494 453
367 308
372 174
267 194
257 110
353 346
324 129
168 255
73 412
292 145
69 507
420 118
298 509
201 76
449 69
391 451
39 376
518 73
520 147
283 322
100 229
519 438
260 314
520 418
183 356
100 505
426 1
251 87
446 214
98 253
80 254
49 15
381 199
88 228
409 312
60 338
460 426
524 43
145 262
270 480
2 181
244 363
102 393
77 190
202 3
292 250
131 87
261 449
181 444
6 499
44 21
273 26
446 348
320 441
124 145
376 26
215 400
509 381
196 330
151 389
412 329
487 280
227 487
29 359
327 515
390 511
120 199
31 368
295 238
376 463
25 207
83 70
30 236
11 246
72 35
260 22
239 352
123 539
76 92
174 186
487 3
76 189
548 47
351 12
439 374
203 483
133 466
141 479
39 282
205 118
101 117
277 261
519 225
26 19
79 217
271 2
356 274
303 537
365 20
451 454
240 294
61 165
498 548
452 347
543 159
549 285
102 97
416 494
237 521
439 298
81 449
469 127
57 533
163 431
401 35
269 75
38 213
496 483
445 468
137 520
535 76
319 235
437 433
107 293
134 373
415 100
156 532
129 365
58 27
220 203
468 395
377 333
111 299
544 429
247 249
454 142
76 284
180 306
514 260
367 343
286 56
220 185
57 136
438 536
390 95
137 111
203 547
270 209
475 295
222 159
234 158
398 109
497 291
214 182
285 203
99 178
242 348
260 23
313 37
317 322
8 296
184 306
191 410
311 260
69 536
8 47
37 531
469 543
114 194
411 252
14 491
344 215
446 270
127 106
264 533
421 143
498 399
449 371
524 294
19 528
60 295
258 532
209 381
147 422
251 450
7 394
25 497
196 273
441 534
17 187
201 283
331 196
26 533
123 424
509 50
411 289
161 305
53 300
518 443
39 151
145 136
431 179
258 152
399 180
344 244
325 170
151 69
493 313
549 144
418 330
547 386
162 245
112 5
176 537
92 360
285 320
243 193
160 88
389 241
73 502
67 507
170 323
542 46
423 192
370 75
313 255
82 50
399 504
316 526
513 529
256 483
95 517
469 328
96 117
266 226
300 336
185 276
56 282
526 440
443 411
424 489
262 261
291 549
47 487
185 520
536 94
361 304
498 196
164 144
473 480
109 42
540 442
369 188
309 47
438 242
408 82
166 341
133 160
523 480
343 263
29 182
238 364
452 20
495 327
25 151
478 355
364 478
333 431
231 144
268 232
203 76
345 383
204 278
401 150
124 13
321 234
36 531
447 339
104 71
125 328
312 30
541 6
145 303
173 247
132 398
369 105
62 112
450 72
218 203
408 240
86 109
285 201
101 192
77 15
453 186
522 265
530 372
420 372
355 471
494 333
457 146
58 13
396 357
307 377
87 525
185 272
530 236
12 64
550 32
382 325
113 421
414 156
379 156
480 115
13 66
15 363
372 43
256 200
165 193
134 252
350 445
516 537
385 337
380 139
489 406
65 445
359 33
33 118
54 139
125 225
245 206
289 109
488 465
287 196
379 27
86 108
473 306
35 62
546 46
319 522
151 147
317 404
346 27
241 45
260 480
523 342
210 371
59 395
108 263
224 295
369 189
491 279
353 490
183 517
80 252
264 479
111 327
500 531
154 377
424 18
315 134
549 406
475 112
351 176
298 212
283 455
500 150
107 272
143 86
168 26
105 438
37 157
507 407
494 180
410 283
538 534
282 526
149 21
18 407
479 470
354 111
94 238
326 321
151 474
281 107
120 309
145 473
411 262
26 121
233 49
403 34
307 304
484 141
101 509
414 189
12 514
381 351
126 348
120 21
358 354
46 40
136 236
125 238
364 209
43 516
254 7
347 96
409 19
339 253
140 20
399 431
169 193
130 262
119 311
209 377
232 493
477 514
138 160
342 1
226 207
482 74
515 77
539 140
442 325
395 525
285 390
38 550
543 441
161 313
13 331
135 470
165 413
62 314
244 330
308 357
414 328
512 471
156 267
548 309
92 227
210 516
526 137
86 499
490 8
451 318
119 131
450 493
233 427
530 149
79 198
314 322
414 282
193 353
110 246
344 208
543 332
3 287
207 512
49 93
174 256
133 279
254 513
139 244
68 483
274 71
506 63
241 256
432 191
484 379
90 534
504 146
488 16
338 491
439 227
358 1
481 303
104 87
435 528
442 544
402 162
464 317
305 121
285 206
379 511
104 461
502 215
352 358
352 314
241 23
40 498
106 351
177 143
502 461
498 481
479 171
257 478
96 238
360 172
89 295
166 461
149 467
66 323
373 451
501 14
501 484
228 87
179 94
488 190
335 40
17 21
384 347
471 340
333 469
109 144
218 505
278 545
28 247
541 310
28 422
49 202
281 300
393 492
128 220
202 403
430 491
504 111
516 331
406 29
394 209
226 497
538 486
180 32
509 296
207 74
111 363
483 180
275 454
356 354
279 167
333 58
164 534
221 453
363 326
140 67
248 27
402 110
421 535
63 406
127 312
62 46
223 435
477 217
189 2
485 118
91 452
331 265
124 31
237 410
278 454
156 381
33 448
2 359
422 322
370 350
423 91
58 172
194 493
439 127
306 242
390 42
491 276
131 32
374 71
402 109
436 299
323 213
261 326
244 1
454 136
210 64
534 509
114 297
401 546
483 375
237 393
373 303
147 91
302 433
309 364
474 66
228 384
365 236
196 32
110 379
428 45
282 396
342 513
524 102
347 65
488 45
489 270
156 339
212 361
253 354
534 427
497 372
138 373
404 436
398 468
143 297
395 507
122 325
541 105
446 261
547 239
359 348
261 272
148 206
504 203
112 369
495 51
164 405
160 85
271 204
211 523
535 195
489 335
132 429
371 368
280 334
409 387
316 12
283 380
90 492
520 247
177 515
240 337
325 539
222 451
198 275
17 543
114 27
118 386
188 55
514 52
542 263
441 447
285 385
211 524
415 435
301 238
47 460
308 374
316 117
538 270
501 320
162 131
511 197
423 336
481 298
32 86
3 354
190 452
276 74
132 531
105 37
32 336
361 523
480 244
226 111
308 321
419 486
472 118
113 306
485 423
361 62
383 401
152 282
301 420
4 388
475 180
164 151
209 309
510 21
505 214
110 292
290 351
378 411
332 188
25 487
250 406
444 260
531 124
16 83
313 234
138 219
365 477
549 191
142 541
284 102
387 532
484 498
368 437
102 292
255 150
71 394
39 139
332 399
424 452
325 178
544 310
331 376
454 38
2 510
235 96
49 134
478 534
410 86
108 175
124 192
168 86
277 356
253 9
349 400
119 42
213 105
37 60
488 263
92 496
469 489
18 163
403 361
544 227
339 188
487 38
510 129
489 205
261 539
104 501
290 368
337 257
113 481
201 382
372 18
303 548
17 124
267 117
82 115
289 446
543 40
108 20
481 130
417 437
387 541
451 286
180 509
404 385
282 24
302 453
230 195
107 344
530 497
187 128
428 241
83 32
480 42
404 127
127 407
446 55
63 406
93 479
70 24
399 535
481 185
470 237
393 114
522 76
181 469
545 285
113 33
260 450
358 262
201 284
340 488
146 170
225 246
112 467
180 267
507 394
436 426
282 406
32 293
390 527
414 533
366 56
499 533
542 304
524 429
203 492
217 232
151 453
301 474
314 259
264 172
308 237
161 48
237 458
137 334
81 405
437 67
90 481
138 535
217 440
513 340
97 61
124 547
20 213
7 528
270 277
13 421
531 63
362 447
136 128
132 401
81 21
151 164
68 92
181 263
418 413
377 327
174 255
46 156
293 70
124 3
327 144
159 230
110 545
523 252
383 413
14 379
117 132
206 164
8 471
213 39
338 49
540 151
26 381
141 19
436 279
387 358
512 277
328 331
464 516
504 357
136 260
417 480
494 433
206 25
254 87
77 137
380 167
526 338
402 219
415 473
28 440
269 195
209 1
259 454
518 180
215 455
343 50
405 467
381 343
126 151
190 370
335 293
278 124
316 382
17 340
497 154
494 195
482 388
221 45
238 427
178 416
87 307
210 229
487 55
306 188
143 232
527 416
301 513
110 269
93 541
75 373
503 318
132 3
202 225
387 132
488 262
477 408
285 204
129 387
387 68
359 101
255 404
323 175
8 266
299 443
239 41
531 101
401 115
507 455
394 226
315 375
305 388
444 335
17 419
314 357
549 186
193 24
428 3
514 470
443 302
510 294
30 205
62 419
329 215
226 527
429 194
70 492
483 461
235 415
337 342
509 359
486 416
121 172
132 547
529 318
331 54
58 523
188 453
496 176
276 51
209 105
428 61
496 210
193 93
351 37
156 528
372 72
519 167
483 335
541 5
195 72
214 325
481 76
242 508
418 347
171 23
534 448
330 144
234 281
167 4
71 368
2 97
250 115
416 513
168 24
364 175
32 247
488 277
47 459
242 307
143 180
112 542
146 189
366 427
33 428
465 320
119 96
543 119
342 15
519 509
289 210
480 90
153 495
71 42
56 59
202 84
129 178
281 92
214 204
499 91
89 151
362 393
231 2
446 546
119 471
154 177
423 21
489 97
519 76
15 483
10 231
511 59
48 306
333 2
285 304
428 500
277 523
319 81
170 504
403 530
149 76
234 505
170 274
277 290
134 143
360 362
249 396
174727
990966
851813
93046
97381
687810
273460
300874
440684
955680
134602
162826
700898
387925
961809
410924
615540
377449
584151
700842
773041
193448
534990
393028
413388
434147
862282
262716
993950
739887
588742
81177
568801
820453
60192
867685
568759
542433
525528
619502
689889
953219
965524
11401
727945
4721
46943
471050
816184
857171
657062
805774
736160
337365
297594
237937
820692
108201
484753
766360
294218
857602
4996
223272
808032
751770
725970
952269
904532
293165
135900
439989
963339
959228
790951
44498
818251
245835
847389
463771
437953
458659
141260
453003
113660
880529
590182
994913
456495
678757
651135
427870
545075
970868
256338
318090
878915
433878
75069
2544
71998
198888
475136
544413
631209
842507
351554
268773
31850
171876
211788
813022
103630
565466
30027
582051
574724
300059
903250
82322
970783
589335
931030
439374
217432
133123
733297
491390
364234
886616
900896
754189
376628
311441
251973
343912
336251
104881
369637
643714
414373
894650
7082
797267
130655
575543
429346
564885
933944
669363
647359
129542
773668
621568
330517
105705
251386
350641
873632
498053
959541
566304
396603
444900
207735
82345
62377
108117
674049
98796
422032
594090
185725
282127
405625
164155
658165
356090
299730
82849
409625
789274
862124
300668
613436
735391
419197
618990
667031
573
907999
172893
280389
169070
515470
584949
128965
981487
807726
858916
771004
67902
878468
13852
198896
896931
692472
901204
421646
596004
812697
540680
74597
573327
892569
868596
318313
712436
137613
640541
728177
990888
241390
336328
247737
602051
323546
88257
914976
333282
407764
833173
222699
171943
799423
942424
772096
156212
589095
723296
593068
420660
670585
652488
630750
982226
360262
448303
185706
254399
764420
296950
323847
215152
297101
273989
186193
401502
224990
14279
678535
607621
312985
151081
446478
72677
230915
757407
819885
815236
187911
974431
231631
744426
946609
564835
343556
380387
93812
829036
752895
335617
854821
667642
459673
421399
512893
806293
373197
474559
253018
244167
677947
837973
603007
918431
972390
704442
73488
498223
242421
516562
853911
980239
894581
176262
634050
151705
238677
277635
423842
658539
91881
723320
138349
977512
446696
855772
894013
509878
584238
291942
619151
386497
316922
461460
502917
353719
25137
470757
824036
767882
536154
822814
937687
441202
448480
405128
904426
948904
839763
845744
244496
791596
30887
940967
362846
982208
835763
331840
554445
688746
580339
826324
840252
515126
111942
60673
608747
337330
102001
822374
383105
540272
244763
442089
95175
166599
483343
265393
685483
441170
332349
529004
79038
453936
801785
108363
905271
455810
552570
452225
950318
112176
169756
482888
320481
787749
626654
589148
629170
538574
653093
162813
472998
549471
864696
580529
451560
307726
832962
704192
825028
938902
305619
790135
596205
664181
298335
72677
349688
252271
922557
866657
261150
309641
757033
492482
867646
20046
217603
854885
676568
63245
241230
201003
801619
478425
296113
171640
630009
481224
829177
814134
607286
283316
686934
782479
544668
840701
236057
310198
364001
916294
482173
985119
459423
956019
281499
133186
726035
304177
415667
36829
459679
646254
316522
791343
156809
479261
453575
778046
722938
772851
531189
58705
880063
10221
65476
935990
109579
936584
766888
987901
405107
432903
720696
490108
208304
289840
114929
504777
314209
70479
93808
168451
574471
553266
441787
450057
308039
816875
720825
9537
160875
381137
561781
497747
571105
346176
884959
469547
265018
177556
864523
647611
235309
670514
367217
984246
414738
596735
422059
885334
360039
796455
266489
977815
729678
326487
485248
547962
108685
417987
77959
461507
261645
584546
172857
369339
851931
150701
927271
104046
810794
807651
131779
70958
311503
224904
70885
924623
807428
471713
607433
440169
478693
977977
257551
563929
263094
813535
526074
568512
910171
256486
359602
485571
939359
807012
601858
958729
683054
748660
218010
734656
106330
52596
800526
603160
43417
62791
142741
495750
584262
233172
253900
381827
750620
125317
179760
556554
141630
134602
756199
75165
49458
193555
771256
902529
802849
650713
584271
536766
912280
770198
506298
49504
660490
508999
797294
415160
597004
423473
264706
314651
375640
668762
56946
941154
16395
636044
840542
54697
994022
719190
480265
100561
812433
752266
438491
354941
733459
539584
193760
97752
758299
962193
235846
267470
221947
308189
804834
335758
250919
855558
907691
791247
412218
322354
214078
588872
389234
536781
287128
495478
270831
494853
115616
757274
310648
633932
632346
405432
81782
461145
780469
203481
167222
213031
61374
560330
717611
530421
200490
437595
11242
631108
884689
91681
98989
465181
806125
941172
657
807048
810591
203314
535256
534614
450474
270586
862759
5080
863734
663793
52936
228581
483598
590081
34026
622104
811939
405141
412572
208719
732551
713310
447574
975021
535538
400465
441200
63129
965057
50663
996648
473470
589233
582555
754209
347913
709545
11312
772958
308846
661870
434472
124619
312994
587756
44750
239285
725218
884083
424493
168205
5227
36600
362647
693097
192128
673232
367391
552835
740008
935544
308127
894072
675437
299408
990387
363786
749598
455644
204732
134494
551886
894145
683742
567487
880146
424782
594562
259865
847239
914160
611860
347903
502154
569917
894662
964901
507326
510506
595020
406375
654345
751252
733406
97088
988759
894011
831161
974419
958166
40579
963422
284326
628152
507890
875922
699362
274037
570292
186652
492757
491206
40538
655370
813040
263339
854
767276
588809
192677
20224
864215
406810
561021
882261
750051
220864
261819
82163
203886
989437
530224
576350
320023
799287
704237
788542
686340
368822
144009
938015
171804
673001
465567
674159
224781
86882
96398
270339
489544
974550
473079
447891
162880
526622
360386
493305
312367
604025
877786
783990
545680
601159
8044
222062
63398
241807
354284
847271
644852
475642
641424
972493
46275
99286
789779
855089
491807
612756
405299
239365
326746
997131
686131
217250
820999
203506
258138
665218
843904
119913
201458
708614
373601
889201
140874
766002
968011
737840
904757
744108
201378
384815
608265
976704
837135
281243
821409
92575
966335
364743
288603
947163
980578
33511
282138
348333
117421
602647
605508
562735
655448
172690
775877
808930
964897
820476
438219
949226
437383
784281
122505
393613
336591
705107
839412
780536
782466
874040
256201
943033
45485
77113
986436
480133
974497
573357
565930
297652
865777
903564
931905
364993
814070
53812
580498
535883
320270
798311
747630
10838
114904
23498
915878
954122
275002
899816
373458
879603
200284
63597
968139
268288
206378
916652
695664
586564
493845
604378
504229
568888
53971
78737
654095
171190
405147
360077
576474
293184
425962
756850
771251
950071
211456
210564
211598
340196
739107
963053
197921
333171
70491
697723
718439
497650
6069
683167
205599
94679
320257
390832
660042
585784
171859
49510
912240
418640
44869
514015
710491
306368
282676
775709
873051
489676
661374
536966
598272
710170
113291
874466
962147
214839
645569
27873
831966
267473
827278
252435
65615
334654
639074
211374
225497
884788
887602
239243
672227
272078
462134
79657
9239
786510
102124
338153
173220
337941
319059
241424
806013
269548
542064
210120
42904
100223
196365
934623
520815
392413
485237
940678
487042
101945
264697
621204
312787
373228
592751
85633
590633
845105
662381
672171
644814
409959
274258
265620
908624
348626
958974
449890
747140
918491
118868
76766
540414
579339
331839
411253
142554
574356
522603
398266
921015
177609
382471
608034
532087
362144
471818
302983
116928
269687
792619
728486
709438
96845
654247
525024
908511
131780
144511
659261
217301
796965
889911
374180
122391
518748
740952
498212
233056
177080
721838
293934
546030
389868
483083
370585
61125
209745
174595
554461
456874
48674
50926
732696
51497
556286
824746
519693
602383
24746
457494
835615
30512
63308
948631
791066
405410
475697
708951
996139
309760
95176
400129
507427
878760
3364
300998
253048
26493
34366
303643
779780
994406
892017
715384
347139
54157
515773
513819
409177
175970
703108
621251
668490
757013
406671
181366
546945
442527
251210
990268
236426
941306
176004
954657
351000
388708
846321
167030
486911
798560
968808
574289
158458
226229
109925
176712
670631
16685
909831
238522
305862
702295
213267
250311
800254
468997
468975
972499
203416
690447
533608
128391
921409
419726
88749
378895
671628
752418
23505
135453
383598
794861
807693
138277
146625
761685
59772
422047
590914
805830
625822
985160
143891
367086
488981
617185
51513
769471
713963
302702
689055
718576
767434
586808
480785
22653
938945
779020
39746
697570
6662
377146
141830
94820
134639
452695
956568
839304
113336
874875
464982
819162
405632
561732
326592
374439
351244
303633
31869
439683
718019
396488
790870
918084
190127
716304
391481
300357
395778
664919
44151
933477
384143
979149
73030
148741
358989
312808
429696
617613
919000
587870
889634
890664
943984
856238
788110
811779
184631
65752
721801
340818
235831
267295
793918
600203
729882
754958
919353
497704
982896
917360
95405
155050
467820
563223
408686
68817
838951
757655
102072
44133
172252
853447
156326
868784
240939
258630
640828
850433
359319
710772
829213
286890
327431
41333
128725
221635
882312
697074
123217
812390
242313
562584
200354
653553
555102
507351
202047
239815
561790
66084
364224
19214
939525
47991
767523
103858
85555
398669
44298
676129
1706
351271
301818
848141
263860
506634
113118
93614
608379
104445
850882
67261
181327
190414
802329
832890
441444
142349
168183
32103
49553
18959
686680
264970
207314
754924
723671
477103
92614
375362
176440
361891
158194
212528
363935
96763
137917
145884
177622
931019
47218
680430
386571
234607
18241
85266
649999
693381
198846
104377
167704
863217
773152
186073
201792
972696
300227
285032
945348
756966
342119
916773
164038
384392
828078
665360
155916
570226
704290
906989
607294
721370
999853
244997
254380
493755
567647
578788
121158
89811
622764
982428
301025
554406
156331
315520
347321
57145
430168
705386
207594
664727
608723
732663
217781
365839
766815
127686
483969
406260
473827
239868
640023
179548
638253
567042
931173
944097
756906
762757
30013
669923
43375
154485
268819
555972
993715
686151
644866
127723
663570
392307
980103
485250
779788
842038
206276
975544
133571
584977
713919
916928
8577
481737
77216
874959
181488
175589
137655
572322
949792
386867
78068
222966
739781
16900
204269
238286
643511
369771
724827
263024
503280
380098
714205
874280
306256
85732
500083
61124
232988
647860
37253
108886
626747
402260
833050
715189
59704
64943
994209
285181
524484
575665
690283
72970
202032
140297
451566
18881
740471
419822
235973
265095
724786
754134
945131
149448
141026
60736
98883
873841
64298
785388
983635
908854
308433
695134
741699
236878
782980
505951
672355
262002
877523
918972
633699
398433
131248
855493
693081
202590
900979
2446
423358
437937
830936
421554
189745
159138
542335
931595
274931
679361
608427
415547
195433
65313
404612
904614
717341
220440
523221
751093
616253
602177
354318
410261
366043
425082
660995
638775
47531
788902
694252
43981
710344
325420
953699
885843
77615
253750
557481
328067
93443
503539
573665
200032
685895
214038
637202
593324
594151
620629
499562
71218
481008
66986
900598
639357
781459
73237
266987
239007
939110
49880
703904
743339
534626
715194
206674
763195
674790
89029
801182
316394
568499
419400
264651
298651
31854
70741
324413
469361
286306
152324
658499
817109
936187
981230
87178
956211
468747
859571
566375
841533
195593
468597
531921
153958
319565
23962
980005
815272
192725
208014
578913
624640
957955
903615
98729
438636
377629
853087
253701
771636
627980
192293
768288
903134
895134
106188
343370
626936
838468
220819
842231
969809
48468
575291
569279
540288
19272
650125
936476
981981
340988
41041
956271
995331
341428
771032
671483
37972
750933
727666
743272
433653
566119
66169
451713
647309
867481
508485
789175
776074
606525
415413
678940
100124
292807
111276
643368
763128
798867
784977
982584
766807
396572
131150
496906
222069
685829
498323
76546
467410
455956
912144
805992
177908
836594
408894
284391
287715
119149
432983
13776
411499
732598
589145
261269
981341
643683
639559
886990
21391
128878
408808
781112
785944
69044
101318
8241
854677
587127
933104
200445
435878
135068
122233
469124
261681
742829
95286
823569
142366
192537
11844
944533
850458
223599
775040
337442
606165
154343
319501
320176
626691
399833
131025
689436
350175
602628
269176
603044
715619
754056
519280
202348
121489
543340
26475
745532
407469
537113
952929
226751
449344
935453
973579
236166
715479
231849
377065
252099
723458
23507
554236
399439
359894
824085
964685
919460
592108
932300
290468
55971
260383
299002
104466
579535
233169
323140
631528
793552
290599
617205
471293
727474
268489
341177
352044
975907
32867
22435
846356
237113
2150
660904
728534
337513
339975
857697
35546
763025
273407
109644
999179
996207
118730
672460
165334
847655
850728
262309
282223
753153
149983
366465
863308
225064
997751
257518
490408
527533
359613
587805
234305
960834
547648
166948
921818
430976
958487
196605
32954
239393
526617
102405
534699
165639
324131
728638
807676
278579
232214
195854
276160
524494
210070
408061
393037
309539
828044
935931
131581
109347
45733
352919
217456
880544
963345
951369
617160
310675
850820
456810
890028
640407
597049
863862
440070
709803
670186
659857
893509
515059
781209
977151
249115
54903
775306
609002
855296
40099
640967
482400
327789
503173
390043
761106
199778
373651
580055
180118
893985
240418
506832
850598
587057
952560
457375
427295
371035
370587
833887
644035
917872
927271
206579
150264
724161
728125
164541
883399
383078
523174
270888
341085
145656
410964
709791
851981
988886
639257
390420
131852
137060
789422
979962
383219
958855
758637
803723
680449
161579
809944
867011
775190
968189
867024
588195
535802
787889
491486
264111
290900
320381
76142
439536
167091
862812
647311
303794
68872
246925
862068
77831
103593
458577
992182
309251
426896
51248
754191
