550 3000 2017
2799 2517 1407 622 982 1856 2707 1187 1064 597 223 1075 2035 1254 1824 625 1890 535 2379 1159 1269 298 2082 957 874 1138 1154 1646 2140 2210 1251 657 483 1998 95 838 1156 786 623 2327 907 2322 1546 1969 2806 882 335 2531 2860 847 2278 2327 2837 533 618 1646 2931 2395 1977 2841 2842 1636 447 53 652 1983 1535 2399 801 25 2844 1872 2733 2801 1727 2018 2553 1813 258 188 2550 2979 228 2035 2768 194 2358 1674 1352 2594 2646 1090 1372 2977 305 1541 2395 2792 31 1512 1947 1205 201 2519 1110 2986 2406 1030 117 2326 855 301 2203 1475 2095 811 1901 96 2887 1015 704 1759 2977 2370 691 473 459 1489 799 2657 542 2562 2404 1559 2032 1988 2302 1510 1575 1452 2345 695 2591 901 680 1023 398 1360 548 351 1757 901 2947 130 1905 2833 2070 1037 1972 2824 344 26 1614 340 1060 845 407 1790 270 2755 2114 2837 1933 1863 666 1277 1847 2599 2240 258 2637 2902 2024 821 737 700 488 1734 1862 2339 2947 1195 2206 2099 677 1975 1346 192 600 1694 1133 18 254 448 2353 1070 2088 1973 959 2091 1846 2024 1641 2063 1248 359 1427 1371 1900 41 1425 653 2225 1809 1258 1988 516 1538 1774 2329 1689 2492 1939 1580 580 1422 2390 1620 760 1324 2200 1603 1096 2051 1575 209 956 1514 296 33 2902 2059 2969 2385 2614 2131 1995 1557 35 1510 2864 2814 1187 2999 2665 935 564 766 2371 1953 2395 1690 451 2992 1918 1834 1768 1317 2717 151 2016 1020 1910 1804 1478 1705 1194 648 2146 583 257 1011 2752 2505 2413 55 2982 1029 2798 1433 241 2805 1441 688 2751 256 1663 1350 323 2425 531 2621 1956 2654 2692 2627 2246 2683 2012 2641 2365 1592 1096 2264 2047 625 1353 293 2722 1788 2994 247 2647 280 2546 2494 837 2148 36 679 2192 2174 670 1533 715 701 1904 1057 2883 2457 853 2877 934 1561 2046 2974 1741 765 29 65 1414 1054 2215 2671 1621 1779 1166 771 1371 2637 1862 2772 2103 1036 678 2054 2981 379 2017 2030 2540 458 2542 2685 901 683 1724 1412 1600 279 970 1818 1513 1954 646 1346 203 1068 189 2208 1947 2369 2547 61 1865 851 2762 1609 210 887 1160 1121 1682 254 1333 1649 168 2596 634 795 170 422 1672 489 2403 2992 591 551 2050 2980 2774 2053 317 1514 1923 779 2061 220 2940 1878 2715 2105 2581 2546 2316 1477 522 376 2337 1926 1400 979 2610 1746 599 1501 629 2191 706 1439 1521 1716 586 273 2695 1614 2640 2638 1587 1413 962 2100 1808 665 2880 698 1530 2127 1375 499 1472 208 229 1227 1321 403 2022 1375 1197 1025 1071 1105 1896 2538 1489 396 227 735 232 453 420 232 549 3 1655 2647 777 2073 956 2732 2890 1905 1027 1265 987 675 1782 377 2415 1582 510 1413 2046 2750 160 544 1387 975 2680 156 893 681 311 2843 2925 2877 2426 43 111 342 1235 2188 1573 1811 1156 1067 1352 636 1553 1252 
1 2
1 3
2 4
3 5
2 6
2 7
1 8
4 9
6 10
6 11
2 12
1 13
8 14
6 15
4 16
16 17
11 18
5 19
19 20
13 21
21 22
22 23
5 24
7 25
5 26
7 27
9 28
5 29
24 30
14 31
4 32
28 33
6 34
10 35
18 36
28 37
32 38
6 39
25 40
24 41
32 42
20 43
24 44
6 45
36 46
1 47
15 48
38 49
44 50
10 51
33 52
41 53
50 54
30 55
7 56
5 57
42 58
26 59
24 60
59 61
50 62
40 63
10 64
26 65
49 66
38 67
67 68
22 69
10 70
5 71
65 72
43 73
64 74
66 75
37 76
26 77
35 78
54 79
16 80
53 81
41 82
70 83
77 84
7 85
13 86
75 87
44 88
62 89
41 90
72 91
89 92
89 93
14 94
47 95
20 96
84 97
39 98
14 99
78 100
94 101
40 102
76 103
59 104
13 105
13 106
63 107
64 108
52 109
67 110
44 111
45 112
20 113
9 114
55 115
75 116
31 117
17 118
5 119
23 120
67 121
80 122
118 123
100 124
75 125
125 126
82 127
23 128
19 129
98 130
59 131
78 132
56 133
19 134
10 135
69 136
134 137
10 138
128 139
114 140
97 141
139 142
115 143
23 144
93 145
50 146
92 147
142 148
90 149
146 150
57 151
85 152
138 153
24 154
154 155
139 156
9 157
90 158
28 159
46 160
32 161
30 162
140 163
24 164
33 165
37 166
120 167
79 168
157 169
1 170
87 171
40 172
18 173
11 174
138 175
126 176
23 177
166 178
47 179
67 180
82 181
120 182
77 183
155 184
133 185
182 186
157 187
22 188
95 189
98 190
119 191
45 192
65 193
135 194
108 195
145 196
115 197
108 198
69 199
86 200
188 201
188 202
167 203
32 204
103 205
126 206
136 207
90 208
202 209
184 210
19 211
120 212
37 213
58 214
191 215
4 216
10 217
41 218
164 219
102 220
62 221
103 222
192 223
85 224
64 225
151 226
158 227
28 228
96 229
38 230
46 231
162 232
139 233
99 234
116 235
54 236
36 237
221 238
236 239
20 240
30 241
85 242
25 243
238 244
13 245
27 246
90 247
111 248
203 249
105 250
90 251
63 252
72 253
80 254
106 255
109 256
227 257
123 258
52 259
171 260
74 261
243 262
228 263
48 264
208 265
70 266
153 267
136 268
213 269
175 270
139 271
6 272
219 273
8 274
6 275
260 276
168 277
204 278
169 279
166 280
262 281
27 282
230 283
123 284
2 285
127 286
212 287
203 288
116 289
279 290
79 291
181 292
119 293
199 294
71 295
262 296
276 297
14 298
216 299
215 300
143 301
197 302
187 303
140 304
138 305
63 306
123 307
281 308
292 309
251 310
132 311
15 312
125 313
20 314
262 315
39 316
181 317
133 318
244 319
80 320
314 321
84 322
179 323
10 324
177 325
169 326
270 327
150 328
231 329
244 330
16 331
50 332
44 333
212 334
105 335
301 336
209 337
184 338
115 339
48 340
143 341
253 342
277 343
286 344
71 345
67 346
197 347
326 348
59 349
114 350
20 351
101 352
28 353
49 354
28 355
251 356
42 357
236 358
188 359
283 360
49 361
334 362
356 363
14 364
330 365
86 366
229 367
364 368
249 369
304 370
287 371
356 372
80 373
66 374
349 375
119 376
196 377
136 378
309 379
289 380
318 381
272 382
56 383
127 384
260 385
236 386
283 387
221 388
301 389
98 390
18 391
183 392
331 393
132 394
244 395
201 396
331 397
158 398
2 399
130 400
395 401
361 402
181 403
389 404
343 405
62 406
193 407
21 408
60 409
406 410
262 411
201 412
356 413
156 414
112 415
358 416
409 417
155 418
135 419
353 420
2 421
410 422
215 423
374 424
155 425
396 426
260 427
57 428
325 429
283 430
28 431
294 432
413 433
175 434
426 435
65 436
372 437
376 438
119 439
86 440
335 441
347 442
405 443
115 444
307 445
405 446
223 447
147 448
3 449
5 450
19 451
301 452
389 453
136 454
232 455
37 456
315 457
242 458
359 459
106 460
271 461
318 462
6 463
241 464
361 465
367 466
166 467
2 468
370 469
238 470
102 471
65 472
125 473
218 474
289 475
187 476
318 477
92 478
1 479
181 480
394 481
381 482
24 483
127 484
458 485
202 486
102 487
227 488
281 489
463 490
445 491
340 492
92 493
259 494
347 495
468 496
21 497
336 498
261 499
16 500
124 501
444 502
167 503
233 504
270 505
114 506
47 507
466 508
68 509
326 510
69 511
251 512
246 513
259 514
180 515
345 516
421 517
310 518
463 519
80 520
55 521
19 522
435 523
386 524
334 525
57 526
319 527
382 528
11 529
295 530
285 531
162 532
155 533
453 534
137 535
71 536
346 537
455 538
36 539
38 540
355 541
18 542
181 543
56 544
16 545
194 546
321 547
245 548
106 549
546 550
277 190
8 370
413 372
320 360
414 29
265 28
207 416
366 80
195 111
257 401
509 486
38 236
153 491
550 462
470 449
256 259
388 311
92 25
85 1
429 78
221 167
68 143
293 73
189 247
306 521
363 97
517 165
213 379
258 219
50 311
43 245
368 400
76 57
256 240
75 541
478 284
546 434
78 272
336 141
56 94
437 75
53 195
256 291
205 92
145 229
46 23
404 94
513 404
82 330
51 440
410 449
370 114
32 106
487 176
306 13
122 496
140 534
165 501
534 177
190 339
365 136
308 409
307 361
221 483
333 276
498 265
478 218
180 160
499 234
501 235
24 251
79 223
326 544
487 489
274 483
139 386
479 375
517 377
236 473
528 400
376 179
157 119
531 353
470 159
34 493
333 89
1 8
189 114
452 380
228 247
189 373
338 294
307 263
235 239
265 94
522 102
275 368
302 242
500 414
4 347
276 364
485 314
427 331
251 6
320 187
299 81
439 35
546 73
418 548
496 200
150 550
245 182
352 425
382 538
542 348
465 511
317 6
5 136
389 221
233 468
541 2
336 507
399 130
523 152
73 393
187 69
423 170
375 85
346 293
131 25
408 432
408 218
458 398
284 327
532 255
504 199
40 222
403 549
48 462
281 508
442 249
133 336
278 360
193 285
166 417
351 540
246 229
440 170
159 362
247 310
398 64
273 285
287 414
475 138
317 124
5 113
229 287
258 138
387 481
482 509
7 355
15 281
264 96
3 216
497 491
354 355
308 391
19 25
261 187
408 142
308 418
49 9
47 110
394 245
169 370
315 410
319 171
35 181
431 312
43 71
519 5
187 399
259 484
388 149
4 143
198 543
541 51
69 86
301 288
341 163
201 336
180 232
18 282
505 459
482 446
28 182
425 448
81 129
159 296
230 238
139 287
359 205
429 88
122 482
496 502
99 308
40 296
357 228
98 369
158 41
206 394
460 544
38 335
106 79
230 342
449 438
295 201
40 492
311 502
292 502
393 388
357 64
254 176
255 518
159 148
530 443
343 439
47 239
245 191
386 365
55 423
1 62
132 291
414 318
288 324
107 14
502 173
442 533
539 289
495 538
3 477
142 409
358 8
327 326
542 348
548 472
225 352
448 87
287 217
103 143
458 157
454 487
491 295
284 195
38 409
277 458
324 141
4 319
28 332
114 81
306 76
508 245
83 10
450 253
178 317
301 495
194 212
188 423
227 45
245 348
234 149
243 461
190 78
394 214
459 368
276 296
356 340
378 468
358 476
258 23
264 102
56 148
134 159
219 155
469 88
44 390
494 145
483 129
203 19
143 436
467 95
344 297
524 26
181 486
530 61
291 117
418 453
265 231
341 55
523 433
354 199
239 484
6 492
329 13
292 287
103 295
515 54
191 290
205 177
457 409
221 242
187 511
541 33
550 348
258 519
467 369
546 109
166 222
244 25
442 357
328 375
312 329
192 304
326 29
235 78
64 183
150 365
472 326
93 354
265 175
489 38
51 446
407 456
172 282
390 19
495 430
146 454
225 362
99 366
9 88
149 70
113 518
162 17
341 50
532 157
153 380
299 497
313 374
277 267
339 74
85 25
158 438
158 416
540 432
49 148
320 503
456 154
439 370
13 43
26 187
125 21
227 371
196 463
261 282
288 346
399 472
67 531
371 397
338 278
501 9
316 435
394 77
46 201
526 267
324 110
479 321
3 185
385 316
539 19
86 397
284 439
455 533
202 152
216 14
455 98
509 195
302 434
2 226
436 60
230 229
206 447
535 138
539 208
197 51
409 416
238 345
72 9
348 396
352 411
336 48
388 207
467 192
506 142
417 36
420 1
243 199
185 251
156 287
251 495
132 259
216 81
233 85
355 301
205 185
522 467
69 27
362 279
17 52
467 350
415 105
409 269
124 159
466 149
166 502
56 135
16 360
367 200
224 224
442 77
521 235
480 40
251 38
479 491
183 274
39 353
276 33
434 432
125 334
293 287
548 296
27 482
279 134
163 378
300 451
477 427
115 400
220 426
155 121
89 366
396 4
405 154
452 150
175 268
376 209
329 38
500 151
118 7
365 529
148 232
405 321
227 50
520 198
432 5
408 182
534 248
54 428
223 315
375 252
293 376
50 116
41 497
343 412
77 59
493 275
81 401
417 272
204 348
109 547
235 5
392 225
516 202
27 20
498 453
55 84
287 297
255 459
315 17
253 509
547 375
534 370
497 32
387 141
254 98
525 147
310 221
205 34
503 506
53 480
429 342
364 358
173 478
416 434
526 177
486 434
167 502
94 290
424 163
449 96
161 318
396 112
377 79
350 213
436 525
473 333
144 318
232 234
544 76
332 91
47 192
139 132
268 343
251 129
305 337
443 171
456 504
54 292
11 174
485 278
456 67
34 372
314 318
325 301
135 255
2 95
358 389
446 425
262 307
169 49
490 22
292 265
133 101
435 116
487 391
34 479
178 311
201 275
190 123
462 3
312 164
112 140
275 149
293 440
519 464
311 23
548 347
410 147
94 104
474 496
417 477
327 382
112 364
289 481
349 473
228 298
268 34
219 538
318 429
299 415
127 287
500 407
184 542
277 228
340 39
348 43
288 165
345 434
417 67
223 166
265 126
102 272
260 48
482 19
305 459
327 309
227 158
440 211
204 482
328 239
432 514
201 418
180 382
341 249
407 111
442 516
190 137
474 298
400 431
481 423
432 28
237 4
277 268
207 537
539 114
299 94
190 124
463 280
488 477
419 239
381 417
339 439
519 298
512 528
302 432
396 126
107 11
59 292
311 297
481 41
249 493
499 37
415 21
286 470
415 357
389 446
194 424
145 535
77 410
163 284
389 442
232 236
296 363
165 5
475 514
260 193
273 400
456 411
368 382
121 164
261 1
145 318
282 220
144 544
264 114
501 465
326 340
425 511
83 243
289 363
246 448
13 77
126 335
182 176
523 8
244 81
5 351
300 94
408 104
124 249
363 73
248 355
209 47
219 287
24 383
274 249
140 535
93 346
188 111
412 508
281 256
113 312
84 364
307 283
130 331
72 134
433 94
413 122
479 477
157 155
205 423
513 63
405 150
210 132
346 308
314 477
20 93
343 211
382 281
252 309
451 498
118 264
40 224
59 346
37 529
520 367
76 164
322 216
451 359
42 285
335 272
412 295
149 407
97 529
461 7
159 327
370 158
270 308
337 264
304 59
98 330
310 524
326 426
433 60
347 387
102 219
351 282
299 328
169 11
331 204
112 413
222 359
477 406
215 292
13 428
318 356
482 131
465 63
396 538
416 288
508 366
92 198
183 547
205 434
76 509
315 184
452 239
255 293
229 93
303 82
358 131
55 548
197 457
9 51
417 387
328 214
126 149
82 150
18 327
294 16
147 246
476 471
78 116
155 115
439 395
473 391
287 449
357 133
70 453
452 351
199 250
312 496
74 267
345 389
100 226
353 140
368 124
108 413
99 50
395 459
151 327
317 410
127 415
271 500
28 28
289 115
330 94
448 412
317 421
425 257
206 309
19 260
520 534
295 209
31 204
113 493
172 45
431 501
434 85
344 95
108 376
271 356
295 362
436 439
533 122
470 264
20 73
202 74
30 259
353 37
340 200
35 34
465 383
428 541
24 75
514 272
374 384
420 102
269 320
378 513
509 106
277 35
9 532
96 332
467 174
287 60
535 47
274 180
410 474
378 536
460 519
481 223
539 545
90 98
278 489
227 293
231 512
17 360
312 15
400 464
381 242
72 423
119 548
394 162
513 451
550 242
231 466
290 338
254 144
425 206
405 533
513 86
176 274
464 365
519 81
332 84
466 319
286 468
156 461
65 177
525 164
488 33
488 216
69 238
237 158
336 353
263 273
110 294
235 164
392 168
127 93
62 322
512 300
375 391
375 435
58 285
307 141
482 265
493 546
30 507
132 416
122 363
158 89
119 89
8 379
47 509
280 126
248 206
15 353
475 280
413 494
299 184
152 547
415 322
522 273
90 34
246 411
222 361
161 198
391 387
308 440
511 457
383 406
299 195
91 224
371 527
50 269
247 448
59 108
137 292
527 253
339 470
446 138
85 219
165 193
314 410
494 74
169 163
153 535
115 233
144 244
137 489
335 182
402 189
226 339
102 159
137 254
397 347
309 502
174 344
232 458
78 489
184 300
126 81
232 358
226 512
92 240
533 202
403 260
330 178
95 279
414 526
78 428
461 266
475 15
366 24
163 432
278 271
526 462
440 326
13 511
321 536
347 160
322 405
340 224
320 125
235 423
302 239
204 157
174 376
282 528
42 412
157 347
28 226
177 324
123 532
43 49
489 83
184 226
287 550
56 499
512 533
543 208
443 415
511 544
538 458
424 402
203 526
238 42
262 515
509 414
354 461
402 239
356 504
6 151
314 8
94 104
348 210
161 63
89 503
210 182
521 305
141 4
253 470
513 465
116 384
486 341
487 261
299 70
118 120
7 91
425 393
270 94
393 259
80 55
256 163
389 340
365 215
439 439
200 8
360 115
545 277
434 481
390 62
501 21
58 421
266 387
295 174
480 204
431 232
361 143
536 459
480 10
392 349
148 358
19 308
111 21
330 40
324 62
220 208
36 115
310 156
332 493
520 549
216 6
180 416
250 11
402 2
61 539
315 417
408 164
378 85
152 34
364 399
240 320
505 243
214 361
482 459
189 51
332 415
63 327
545 325
352 246
165 368
35 304
333 459
275 239
405 150
400 163
546 529
525 97
90 12
288 545
179 216
162 10
117 154
285 124
21 528
282 148
275 450
289 500
500 235
246 50
7 53
365 340
229 336
68 480
395 353
55 376
133 439
457 179
460 277
43 72
404 505
86 387
50 372
300 280
400 67
382 292
304 105
421 420
204 377
303 159
286 525
324 271
56 296
121 402
120 260
288 540
124 7
386 108
194 323
6 310
426 461
536 134
441 514
303 501
160 293
259 385
336 319
16 19
383 531
47 187
110 201
86 255
535 444
267 148
364 329
209 371
40 139
210 33
230 310
522 288
44 52
407 161
389 55
163 203
386 508
227 11
75 322
64 448
407 346
256 51
188 458
290 109
206 353
496 106
169 533
486 509
204 360
317 36
489 39
289 142
520 240
508 244
416 367
525 477
14 391
530 414
212 382
88 24
407 426
253 108
177 323
64 397
58 367
368 279
269 6
87 35
399 67
237 513
338 58
437 405
438 405
103 79
171 220
307 71
531 472
478 4
544 307
219 297
293 193
267 419
347 541
86 381
267 516
352 401
28 435
243 220
324 248
478 448
84 474
376 135
400 243
486 497
110 137
175 159
118 371
384 109
145 332
116 128
309 98
254 251
365 171
466 386
455 28
256 354
259 127
354 19
9 221
397 301
54 318
21 406
244 432
334 290
388 392
382 489
11 401
408 276
313 268
122 504
454 352
295 266
504 429
443 238
303 440
215 515
340 5
535 286
217 326
306 146
436 239
69 492
447 133
352 117
136 464
192 251
345 508
58 515
49 413
60 126
518 478
54 484
286 532
296 72
537 98
138 550
338 69
387 101
342 297
54 471
237 393
147 176
236 286
453 318
460 191
498 129
520 101
370 141
195 469
305 192
226 64
244 534
28 464
429 71
476 198
549 424
121 307
5 440
26 356
69 405
205 179
125 214
117 502
549 11
276 332
146 533
122 466
137 504
358 252
296 301
231 256
524 519
533 354
330 255
396 154
37 302
8 136
460 125
383 309
491 339
73 537
496 40
137 398
368 119
37 529
232 527
176 58
284 95
533 200
179 495
169 314
183 444
93 525
412 225
47 448
34 252
48 465
62 244
349 238
356 270
491 405
331 494
498 218
11 7
251 361
339 224
130 4
531 437
106 522
537 107
292 60
86 308
85 347
122 24
141 145
7 147
217 73
512 336
543 56
63 456
509 150
91 393
226 226
496 476
293 236
433 214
420 123
392 30
204 313
476 210
482 141
65 486
115 341
456 430
519 236
212 349
443 45
41 233
484 259
240 102
175 541
99 305
217 293
347 143
77 8
428 309
228 117
112 328
353 34
306 526
26 506
23 285
261 423
13 225
1 285
35 458
253 179
138 122
192 90
324 250
214 160
145 217
137 62
390 489
56 73
113 529
480 162
274 34
307 397
203 548
332 502
415 65
71 220
455 52
241 321
319 142
161 293
341 306
272 146
11 174
198 516
329 356
169 103
119 41
28 391
337 200
47 102
227 465
5 470
140 3
26 154
294 284
218 85
222 403
547 323
139 48
475 49
362 310
535 137
474 10
109 497
287 537
172 201
460 257
402 167
423 444
14 359
324 83
185 442
323 411
264 495
338 264
86 491
167 388
204 491
254 151
20 322
5 90
485 187
416 367
12 95
388 349
295 473
190 170
151 138
158 5
226 348
348 467
83 429
11 510
408 244
513 13
467 5
47 149
65 40
209 344
157 324
213 33
489 42
423 350
25 130
488 122
77 530
191 108
236 231
72 433
345 134
301 523
477 452
505 191
132 67
381 326
390 39
308 433
243 304
477 467
469 486
328 114
409 459
145 416
372 12
439 11
486 305
116 211
230 434
46 487
104 123
166 26
175 286
295 381
300 537
472 172
313 477
344 299
19 198
518 287
517 274
413 184
52 445
15 167
192 269
231 44
208 250
15 299
504 532
486 428
12 207
406 26
8 542
181 430
159 545
249 14
286 229
538 101
491 258
83 104
332 343
501 81
435 35
167 302
544 226
325 268
229 293
533 78
58 145
92 123
196 196
419 78
364 257
23 319
177 351
283 410
40 156
208 90
485 32
195 274
383 129
350 388
179 222
527 187
239 154
324 395
392 145
18 216
304 256
185 300
261 389
141 412
406 144
178 500
370 343
480 89
540 520
225 12
98 158
232 250
527 488
339 307
135 238
207 525
346 20
138 214
413 396
309 260
377 235
74 419
447 154
500 528
259 245
396 23
335 42
324 206
83 240
291 260
490 333
345 40
151 193
6 474
387 87
220 550
285 48
77 444
520 168
75 300
484 329
202 276
221 318
91 119
178 78
331 495
173 472
80 356
214 534
142 548
424 230
199 495
197 109
306 227
99 229
473 34
480 447
458 170
274 24
30 6
228 331
54 480
502 14
183 124
305 85
111 145
388 505
366 222
237 465
297 529
196 308
321 169
433 27
176 508
250 436
520 98
425 443
299 70
68 63
438 151
72 219
404 463
309 544
172 125
175 45
76 69
110 216
10 82
179 272
165 538
138 92
82 492
379 158
16 377
444 260
424 355
174 263
260 280
304 395
278 494
242 275
505 6
326 117
505 378
475 22
356 41
268 465
246 399
449 70
269 325
244 258
62 289
137 133
393 321
513 437
186 474
318 49
95 239
166 422
452 514
484 67
363 313
504 373
76 168
36 437
466 89
366 527
340 502
323 221
95 81
523 130
465 435
336 121
249 358
454 480
27 393
119 543
111 521
329 385
459 104
476 399
155 6
460 221
219 163
511 30
391 134
266 453
144 236
518 303
84 194
70 346
447 189
211 469
218 73
181 472
364 172
323 32
70 186
432 7
506 451
390 59
478 284
218 197
393 96
36 532
211 286
177 431
375 115
1 347
199 182
432 64
120 293
471 90
534 261
39 100
153 152
399 328
418 492
14 70
467 504
233 263
520 545
142 293
470 194
26 260
27 337
527 514
165 513
46 528
218 338
224 352
510 291
392 54
184 410
8 14
109 195
73 268
27 489
137 307
400 23
413 359
540 35
311 119
503 281
195 498
219 300
303 392
350 284
47 319
525 309
174 151
43 288
456 198
260 430
418 543
181 23
391 542
287 31
352 426
62 360
471 238
213 103
226 120
60 456
516 305
305 8
251 387
5 466
49 91
143 368
397 9
257 335
110 56
243 49
284 98
166 365
394 196
105 172
113 230
373 389
397 508
181 262
5 27
76 47
94 345
11 461
120 389
460 214
238 98
512 226
233 331
287 503
88 110
25 397
485 500
164 168
460 306
254 16
468 271
447 528
147 94
111 156
352 337
128 518
165 513
327 221
87 302
471 323
280 392
104 504
471 342
71 92
47 13
304 509
241 388
5 208
371 105
365 95
148 255
419 262
116 346
332 397
311 387
92 430
18 194
59 229
151 48
526 180
266 389
339 302
379 66
265 114
432 256
377 121
296 411
169 152
518 423
450 29
352 46
290 454
368 211
476 244
239 326
424 175
399 527
278 397
142 102
19 129
281 264
63 407
190 71
298 154
287 71
362 282
380 169
28 64
81 339
516 368
373 419
188 495
329 367
352 69
374 146
53 260
72 205
262 180
407 18
331 37
275 396
532 425
181 180
33 71
333 224
351 21
506 215
182 497
457 384
472 401
125 178
20 470
181 542
478 157
365 30
543 398
520 372
549 371
264 469
360 310
299 276
468 518
532 253
505 215
458 485
139 284
493 131
61 383
233 67
211 513
198 72
451 73
160 55
463 105
525 338
309 22
457 105
76 346
279 156
412 420
206 324
37 417
316 497
430 126
396 76
204 17
127 207
467 286
208 33
407 489
76 227
74 540
407 171
117 349
444 424
53 212
497 91
124 235
254 305
248 185
315 340
326 24
78 361
247 274
461 94
18 486
484 503
194 403
502 512
344 283
414 95
9 208
212 187
441 53
33 417
456 538
500 234
211 165
60 330
428 9
451 240
117 257
189 468
536 242
512 538
186 520
359 270
103 371
256 213
69 341
17 376
312 416
153 132
272 80
109 237
21 224
400 455
332 31
461 308
213 412
347 19
401 344
469 180
271 471
548 391
286 306
504 138
432 514
269 387
511 260
255 475
204 507
497 242
291 49
79 535
330 207
116 444
326 296
7 111
12 231
129 518
81 34
83 79
299 229
478 89
149 512
469 34
128 256
352 415
80 388
104 517
541 378
302 531
392 376
519 444
267 369
446 460
173 550
175 438
116 250
378 338
193 75
427 53
240 5
261 124
329 37
206 34
440 154
24 169
159 103
507 241
122 226
478 65
6 370
174 452
372 141
257 420
405 254
121 438
318 416
405 465
250 340
367 532
370 366
334 157
429 107
439 166
425 50
358 31
121 365
44 327
480 204
52 471
282 455
348 325
81 542
322 2
294 46
279 424
466 91
140 114
119 76
488 113
487 128
43 170
185 550
214 132
112 319
306 205
41 325
342 366
312 24
299 431
214 434
350 336
108 240
202 337
340 167
449 160
511 7
239 276
180 545
440 35
324 487
515 40
271 304
371 65
403 427
130 512
135 15
525 296
524 288
84 326
147 3
201 483
32 372
288 211
462 211
158 155
463 33
461 522
140 439
326 38
495 227
441 488
411 234
453 111
133 213
103 428
238 54
425 24
258 68
222 284
370 116
477 308
390 456
443 297
462 468
499 218
435 285
265 352
379 550
420 7
301 436
311 104
212 338
10 342
313 497
272 87
165 435
161 260
140 465
35 280
166 198
19 255
269 490
20 546
297 288
328 392
536 466
350 218
36 394
443 23
213 264
176 125
424 338
254 191
347 540
511 497
203 402
301 278
70 305
409 477
509 491
338 352
144 22
526 513
82 320
81 126
170 70
272 275
68 78
409 382
171 335
48 92
103 504
498 368
20 481
542 231
313 246
376 492
508 111
270 483
543 369
289 72
108 104
87 539
129 6
448 197
68 413
176 241
29 401
248 237
186 12
43 134
506 445
306 500
57 68
548 386
45 170
547 245
379 46
214 123
449 541
276 344
286 44
365 52
52 319
58 163
19 131
329 236
378 339
247 162
543 430
262 231
339 56
41 349
259 168
289 180
317 464
57 470
89 419
198 116
386 5
457 140
359 462
498 192
315 119
1 231
302 380
399 238
506 140
240 269
8 546
144 195
434 43
35 549
182 425
500 138
460 547
411 92
101 206
338 418
382 448
26 137
298 303
434 148
320 53
354 220
314 198
218 102
226 423
77 107
284 1
499 40
479 524
152 296
135 399
473 533
320 33
231 134
420 331
131 233
333 220
541 54
385 237
453 536
216 303
305 500
456 314
491 127
327 237
85 174
450 88
76 138
331 253
547 398
34 145
86 112
312 207
118 268
35 543
527 61
139 358
57 118
322 51
508 51
116 81
466 432
509 244
112 377
382 213
356 133
354 508
84 337
482 199
134 358
115 425
404 377
105 88
26 367
169 545
86 314
419 523
157 541
438 545
181 352
348 273
478 30
507 485
195 28
430 160
75 4
258 479
333 12
307 483
210 151
75 14
464 300
239 70
303 391
390 158
401 157
333 398
85 36
194 283
311 483
55 212
84 84
206 329
387 80
527 21
137 523
234 419
101 243
287 137
339 200
482 173
394 422
437 100
337 113
11 319
292 4
35 78
534 242
514 184
56 259
316 406
230 435
82 231
259 41
22 498
334 368
540 243
385 191
121 295
195 86
202 330
283 86
90 279
88 306
279 385
534 209
461 517
358 37
266 305
286 210
146 532
60 64
503 524
19 290
172 254
524 515
170 496
253 178
487 473
182 116
365 122
465 441
100 488
99 213
446 378
452 295
489 8
243 204
102 429
412 46
275 510
394 90
65 254
370 410
473 158
281 246
9 131
368 345
14 230
529 295
76 371
126 224
328 439
363 470
135 513
448 15
109 415
141 203
61 97
392 109
135 407
427 355
529 235
329 78
28 507
148 349
55 15
383 461
498 342
384 411
154 37
165 271
278 115
274 290
216 92
45 321
507 102
510 111
202 236
252 183
46 213
372 453
378 34
151 348
499 442
443 221
314 504
436 88
368 145
371 376
293 116
122 338
337 394
361 6
337 121
330 460
351 507
39 87
431 237
294 545
524 290
528 282
158 241
541 286
108 267
180 177
255 84
458 302
481 14
126 540
216 237
26 403
202 450
41 247
117 10
398 358
210 142
479 202
529 281
274 103
89 80
400 232
406 503
305 19
457 279
207 201
420 273
106 327
337 500
336 292
463 516
162 497
523 263
160 9
326 450
36 323
32 441
253 542
67 268
533 550
479 232
75 89
540 338
54 151
241 27
42 80
91 121
63 1
226 439
300 230
529 527
48 234
29 15
608456
591073
798704
732143
857677
517592
236584
173191
961316
266452
319216
153877
754753
175158
105728
976524
182015
478566
723954
477797
873500
269838
801991
218206
209656
299933
541346
789302
596570
542150
305163
930483
137067
755007
876782
21533
321209
428867
229465
934144
292981
148880
974465
677102
152245
465001
25086
884090
214195
440405
939338
840958
9228
776350
703878
573078
535170
992979
618677
62050
540922
63366
557311
551241
480510
587151
196912
591537
785533
319048
431286
306759
717766
368014
77222
461117
212305
489222
120440
528775
173750
857942
668998
815581
152372
63272
610129
29948
629099
420139
978492
569125
717218
86865
859983
365916
440194
206033
461814
196587
422169
916647
107519
171804
871640
69647
746655
353090
68117
360014
299118
625905
14794
227817
190374
726914
594388
528172
619112
495184
538293
170852
216376
84990
702290
619366
371516
500654
122934
486470
425344
638347
158861
546464
734645
297344
245098
544978
698285
214654
129409
269504
97569
712507
611502
868495
537131
951277
63148
5034
778060
340371
487839
754561
524263
205869
316747
329349
973700
936190
686682
30637
757455
347537
585242
937011
610903
305970
605180
197976
793103
151152
529366
813468
648591
344034
950754
793031
921172
555743
42749
600483
668988
373508
815529
887807
690379
480754
104652
157998
890409
929741
754606
262470
146466
191358
469119
478625
245541
416562
635022
803487
295749
347929
386771
151266
295930
90280
681318
901777
732641
883863
744710
181270
80952
355491
230100
436512
906659
632973
919381
322977
970667
720218
644531
751377
360633
116881
207484
125225
387679
124608
745185
474537
67215
70263
900344
620499
914210
601035
822843
433197
925266
2709
976839
144963
821377
28785
134878
924579
444976
535295
628710
765407
405576
692005
852520
663118
797333
442186
953489
492619
997381
550685
717108
793269
888558
212492
865094
187886
265285
577165
216736
996700
758120
223065
77761
969066
810389
637868
398473
54088
271793
234759
987711
961191
433410
858542
598093
567102
482996
179882
845887
51080
889304
382919
285063
614531
780640
912791
737979
674611
96613
443054
849877
539805
283234
935716
695411
407628
757110
699798
456981
414479
400805
764005
896929
593273
823256
735285
410082
854496
815000
66096
652549
899999
798103
582016
906778
971348
557287
774553
703257
723682
653697
801260
661979
28400
17856
902325
201181
679976
807075
168110
502720
482425
249359
170074
627851
813782
813386
753787
315368
869300
852545
629852
672099
800656
731074
868872
218222
333223
304899
128592
54047
221820
811098
334345
316209
410005
948482
30028
144703
540158
218589
399989
66188
589125
478572
2020
273662
371196
594904
622143
228061
68219
927469
963758
705177
819675
972058
396829
66370
667644
95474
643838
974606
102975
138030
743172
752278
294029
174313
822313
221081
432911
362594
283369
954360
436723
407486
823237
654968
708653
82371
870209
240580
696948
840798
174822
50408
976513
237342
595841
829014
345811
658934
843746
856357
671982
832831
386590
666125
918935
165428
928141
463596
79513
497396
659084
988676
680132
631684
182780
155963
767272
77642
398722
750682
244959
506259
453957
283022
595968
261646
459379
996650
208109
67278
946428
559844
411910
882764
899925
255635
217843
730083
334583
18167
797598
59474
997021
328689
214134
343102
127690
15302
699182
142701
253953
850784
281660
433932
457290
345166
406554
925098
868211
528959
883912
181498
508109
992843
336649
744341
289451
442154
138273
563766
756135
659898
177373
208829
814237
119550
144523
329964
916014
617177
576638
112173
303869
520535
165451
21193
761077
910309
540431
89522
815810
207380
922662
40827
132180
597850
962037
921243
383199
907217
31458
249326
630749
374838
860183
414707
322443
328171
722562
526031
242279
749429
969816
191560
402041
721278
273101
519883
86983
469781
951517
635047
957535
151529
920967
407952
214993
700690
560140
837213
638258
379528
394037
547786
963866
712617
178058
128054
813287
259576
955740
944934
942520
312601
209148
957312
674674
949078
995777
392913
560383
49628
30150
198088
995914
175615
911849
63929
392708
194738
130446
286875
915426
958671
900954
267402
418845
819221
932216
10821
498481
204389
419031
618737
227614
61765
799338
196820
167978
554525
644711
343003
288285
755837
148361
400597
393603
173780
106638
709814
672430
795066
494137
661205
446385
697063
790673
878254
386470
469690
360352
321249
218793
951283
570805
204592
31899
606521
394467
453765
233568
902613
676608
800298
687009
516149
85734
653519
304011
378346
472821
446472
46798
522154
261455
787596
26398
177935
381659
446775
210293
100950
198147
397576
862224
983521
535158
992740
566254
992886
790246
708242
466836
311165
628107
791229
670923
276678
439710
255093
898848
556352
738079
491373
748324
607491
384655
89790
210858
162759
945143
926691
248331
295403
101343
305404
44133
122543
512280
545996
215895
637818
575219
602170
543111
276246
955912
938579
816220
448750
117040
489159
946180
649111
62602
10855
253296
137092
699386
780526
762259
42064
348709
933557
36839
391672
129398
157500
943464
335262
237021
216168
675286
489031
28683
890240
926711
308318
971255
785199
135571
462128
587996
588421
326775
809005
657656
738806
859763
793261
576014
90841
10587
286377
605413
421098
675593
4925
487175
212169
142809
283181
913476
340664
104236
963485
255596
308769
358502
612503
807128
986638
656049
760905
661026
62127
775927
850244
847272
776024
462059
694783
497613
8064
943745
769873
582840
455748
733618
830267
877651
582177
755577
867676
338125
885949
164440
365370
858968
386975
270036
473856
323884
536562
99316
192891
388354
917574
399814
441563
486234
856399
132826
749432
478070
537828
535238
512203
3101
507585
827104
835440
571225
42182
171719
942955
715064
574774
532058
304288
620047
57785
660351
388441
687282
123290
299806
751364
611197
664009
999267
331635
123983
920858
540992
526810
742282
827332
969576
420308
24724
643043
8661
973726
819992
479543
537411
283227
488198
180963
192563
986190
367247
428399
542953
641315
466730
965958
462830
284134
541650
534136
164110
963786
615302
55801
275547
291172
111431
914977
412905
415534
337053
139562
603536
536581
246931
668917
726189
95274
472374
427205
272929
959044
656410
398977
76753
855645
827989
302007
131812
75425
504514
37204
953352
53922
284223
9517
681709
62999
326831
46265
984200
179416
840441
288980
438930
219107
235207
173950
626054
509786
144264
312794
402150
555907
897839
207792
566199
189383
307697
252267
61249
940275
35659
246044
182224
78138
985530
224885
123061
299185
918721
870350
624197
666066
547943
754083
389209
312762
342262
285652
819597
799083
609661
367780
838274
259274
290894
947643
330139
40289
395328
152484
118275
97374
492655
604368
651558
977747
301432
901073
977588
376692
46461
956447
451873
815196
585319
215958
990631
705289
209439
440566
518530
639067
54291
202146
468467
340569
762295
565858
513086
693420
369346
381666
926316
201889
538477
668592
176586
36203
119479
608065
92456
203296
113188
662764
924315
322743
416505
820974
117563
237328
459714
573221
207142
916716
325772
960661
518011
442160
351467
962598
433887
903015
879093
402723
94332
439741
854405
366076
623677
936644
665401
868742
653011
381363
503669
849462
676915
321058
425438
377385
531670
87568
377951
603743
195447
857117
933543
544251
550361
319120
370473
601541
978878
630418
43163
209321
634993
982448
878008
60597
967933
605982
150462
93214
375348
851439
71920
132924
875817
571613
76053
646217
656502
223751
394487
15846
775095
539886
626917
999382
598157
290104
825969
284545
208732
662637
285491
489779
768013
724988
708676
130330
108493
342071
833156
738827
510347
150355
526421
824190
898174
948585
817822
501261
704541
664695
535945
987833
26725
157344
206276
34341
806743
757608
968388
57241
977016
59321
109949
12353
797007
388064
849451
939051
569642
39057
375629
891981
614233
284191
204773
572412
524849
471621
823737
56118
906698
378144
40021
487001
889410
629233
228294
921001
335864
7520
706144
237838
151698
152692
6010
108883
39991
350237
883373
930473
443157
252970
810904
333730
323165
597139
8159
881271
969154
691184
735911
700930
217278
350144
318683
626180
251148
340515
136875
76705
589103
85856
482311
515487
37226
584289
510312
613162
411334
524849
829896
210195
478735
328837
477413
408652
709783
480560
241411
498222
561073
692461
792871
422195
318007
773849
125980
954556
661765
436342
37809
97036
49916
376809
979833
306700
50752
559229
563209
406149
519994
905182
239230
898217
575511
113631
957365
897802
410247
53237
711313
894177
95871
316857
636729
478984
163191
184490
37719
875904
623917
883624
149594
333805
347296
151802
674612
591573
172949
297033
959517
288868
313109
564451
389070
841899
774125
468730
171079
887580
271726
513890
140810
783824
870763
551254
506013
406914
983741
389875
385932
324753
880130
696443
545253
222721
673753
795028
798714
106426
919272
617478
123170
334984
883287
270529
829624
34137
359058
691989
569691
835331
188619
173943
12973
412667
615477
269827
784660
14239
992138
437684
779195
963053
416646
489134
443282
82826
949225
127093
696970
478780
979449
740083
139994
894639
886654
96630
645885
965812
694661
452144
880881
183934
8094
232117
665402
429859
885405
234048
903837
480097
611932
975854
840485
81814
332472
693889
982241
476935
108047
917471
441572
219546
545225
869969
692100
74267
255948
68804
580764
629819
548998
497867
879498
357965
75367
323547
515633
662791
508580
350861
313016
194631
572021
892128
887433
19275
966424
183221
315091
146104
328332
19537
635528
825172
404630
550366
57952
125708
389120
227498
879125
615342
511893
239719
129381
734768
12199
65065
417683
535208
942089
574379
734309
78801
812308
961610
575783
550093
741222
422089
547623
878621
286239
817483
285495
388458
458402
728220
727023
544640
346010
889705
222312
300558
933299
750083
245506
353575
971164
124576
47262
325380
563148
520601
744357
748160
770746
395757
739519
819802
770275
959293
931101
800823
868936
549966
27248
405917
978221
528650
235951
775609
397467
354111
273238
565658
46558
148575
857249
817203
733896
860670
451028
166045
345197
467351
905335
865491
452773
486024
452498
570292
894350
874449
473013
733765
592647
924889
642035
486700
672181
800297
717730
957750
795970
421294
389533
337938
976217
442043
772227
66579
518507
166725
177589
142834
567149
30630
535707
46346
361879
378395
356063
430746
841575
68933
715568
676679
988060
340844
23809
545367
37372
151927
741768
375735
779599
324405
74239
432054
795681
106584
554278
253640
106627
466868
466239
130307
9803
230084
681297
535397
306895
138854
298598
401229
354414
978842
473613
544957
862408
796679
630105
773023
749121
788662
506591
717885
473730
704149
201340
549894
47607
632693
76556
126672
618066
847116
283700
406737
308551
648947
402330
108133
115022
687977
339560
401867
677348
538319
965644
403368
844618
981931
903995
84226
304516
220965
872553
977862
18139
310028
659218
473347
547228
881746
677493
63021
932759
22539
192979
686811
596769
565043
486453
267401
177042
26213
425635
916374
392968
794213
264686
40199
385442
829910
819431
313602
669830
912132
714469
811220
21787
909916
936515
195244
353551
475311
131935
261854
203283
788211
418973
732385
251610
852546
59426
46865
512797
397849
874457
832109
389274
262554
814641
290842
531921
837514
819485
990367
116741
889044
859923
695270
464577
900740
663438
530241
314577
758413
167564
358691
920324
633796
266512
676259
279345
14754
585185
723965
996654
319749
243465
83601
248858
572144
528663
558241
156821
647111
361694
949143
996867
905940
765620
351101
373581
144709
713971
147459
940192
803435
460923
843645
883884
612540
927726
345826
733414
151250
447667
365134
906694
454250
174004
689280
441609
107942
526944
968797
532592
530123
307241
137260
389184
215108
419078
739608
245056
428061
591155
894321
627518
697225
481516
868651
2762
214109
772982
390237
394681
990738
368983
374915
150052
350983
30872
67324
259174
15100
238986
568909
691873
645336
244734
938461
710842
54436
309771
290935
204377
63822
168973
698123
853674
544935
971424
149229
302366
684390
961641
378708
25579
763874
282253
918044
779335
188700
648055
105092
622321
518707
850519
99697
198121
231405
518942
74666
749875
934389
232515
547930
616728
30871
626753
373521
499428
691590
883734
29955
822569
62231
56709
702215
214330
875651
876821
915481
87026
484265
164944
126361
629995
407433
143622
509258
342151
639754
361991
896851
665258
383798
320300
584193
349309
289721
580303
396996
365613
951397
378638
291885
424938
626288
283084
897207
174249
683828
569392
917243
674914
256494
382756
145657
944786
230080
369559
87830
687418
949168
733371
352345
470431
589415
982664
8109
156552
622642
241719
34018
492868
25860
540296
763244
214881
866226
462013
838242
944373
757237
823901
684417
933721
440364
699057
552294
440232
742552
925066
365463
782917
60190
316025
308539
582546
821896
610774
442461
807354
88452
775930
793837
489385
372707
721541
192319
861326
802524
527384
643722
901856
228231
475164
90731
817813
730978
689657
844383
229740
235471
704928
693964
192101
178772
3906
294649
531460
591706
708502
397329
507026
51310
136855
941925
395804
402499
908228
956454
887730
957614
300446
413615
987432
534568
859949
508025
558041
677968
977532
153061
445087
13863
331288
476278
140252
238226
901973
79764
992500
362139
798089
720906
864528
213553
423886
471176
12957
154851
358853
836706
770380
93800
231502
200783
29136
66778
522129
810028
883298
718263
913080
41974
6976
786463
248114
96979
580073
219033
64114
676746
495522
451022
125229
279750
826997
681163
623712
163416
188845
73091
251912
628530
774556
958923
916328
719916
484053
295389
732935
725058
151602
401494
119279
543956
690702
214775
270190
86117
122188
829095
46105
178397
941263
63472
888452
696647
745216
156478
802956
978772
949707
614947
620493
371158
536418
638998
63468
700101
311288
451055
843599
512190
415559
164589
430111
222654
998924
909232
165197
926571
235653
725183
127242
855756
375994
968130
