550 3000 2017
2767 2337 1373 1133 1908 1124 1350 691 2556 2310 1702 634 1022 2399 278 84 1854 1123 1839 1056 186 328 1006 2347 916 854 2444 729 514 967 1009 665 1013 951 1402 2082 1367 1046 2601 1592 200 2835 316 2572 1970 2243 1040 1155 1724 1523 1703 1926 1612 1626 2359 1546 217 506 374 2864 2527 2344 291 1656 2916 2338 2663 929 979 498 427 260 967 1240 2923 1938 2034 324 268 1907 2758 572 2650 1769 2212 954 1501 2669 2579 706 5 704 1844 2491 2156 307 2292 2083 1666 171 1681 24 1159 2063 1800 117 1404 589 2446 441 987 317 989 134 120 1923 634 1793 1952 2882 1621 2941 2297 2791 2257 757 2434 244 388 2794 1549 2518 2833 41 202 1042 380 2849 30 1523 1021 35 371 2423 2185 795 1018 938 646 1030 470 27 1854 724 2371 2422 1141 1672 1271 458 1262 2334 1912 2364 610 141 278 2763 1123 1845 2074 1029 233 2418 1070 634 618 929 871 352 2367 1194 201 935 1597 359 810 38 529 404 2658 2468 1400 56 2281 2852 1614 2555 346 2395 2717 2768 2430 2772 1904 1077 580 1654 296 2936 439 2380 1575 1684 296 877 2907 637 1359 1365 2269 992 596 2468 331 1407 2346 2037 27 620 2750 2706 2049 75 1924 702 1675 1140 708 1555 2499 1009 1107 454 2396 613 1684 1351 40 910 1688 1509 865 885 2396 2641 1551 1324 1490 497 1386 919 2843 2297 1817 1477 1076 1685 2146 912 1806 1474 938 2827 258 2989 2543 2197 2908 1524 2524 1788 1935 860 1941 2707 1682 75 292 1998 1794 2719 1115 2069 56 1830 379 247 100 800 2964 1801 234 1145 1134 1864 1900 1083 1384 1291 1288 2628 2158 1900 2859 956 1472 2953 2158 154 1057 414 2961 1407 2758 933 1597 571 2136 376 2374 2110 2667 1390 1737 1906 1039 1613 737 815 638 1160 1457 2191 1176 1137 1453 2620 788 527 769 630 320 579 695 1249 2978 712 755 2382 2992 418 1969 1129 1909 2672 2066 1155 1645 596 402 2713 1147 1011 821 1877 2080 2712 1332 1819 103 2974 842 1087 1287 1294 92 1149 793 1013 1593 1193 282 2946 2582 2816 467 2975 1285 1358 1679 1357 1222 1521 2869 621 638 2414 1879 2796 1880 739 1522 2246 2178 405 1439 79 409 691 337 622 23 1299 152 2794 908 115 237 874 1002 2882 1071 1696 918 1200 1885 1477 940 363 1549 883 802 1083 965 1934 1960 1601 2456 1013 365 2443 1867 960 2734 291 944 1818 2803 1418 2698 1745 906 2855 2787 2972 2441 156 2859 1940 70 2650 2570 957 801 2699 2239 2039 2380 753 57 2969 1609 654 1526 325 2725 363 1507 2666 2283 565 1988 677 2229 2540 1764 2033 135 2782 2879 9 684 732 1157 1564 1509 2419 1810 2201 942 2006 164 306 2715 1090 1276 2421 772 2306 961 240 2061 148 361 1398 1513 2267 2674 2520 272 2382 1616 1629 982 2434 2799 2733 2718 59 1956 1466 2463 1641 199 177 2654 1664 1499 1127 
1 2
2 3
2 4
3 5
3 6
5 7
5 8
3 9
3 10
5 11
5 12
5 13
1 14
11 15
15 16
8 17
14 18
14 19
1 20
10 21
13 22
20 23
9 24
5 25
2 26
2 27
6 28
21 29
17 30
11 31
10 32
12 33
33 34
31 35
16 36
1 37
24 38
26 39
20 40
29 41
36 42
10 43
20 44
7 45
20 46
13 47
21 48
25 49
18 50
8 51
13 52
3 53
34 54
44 55
20 56
48 57
36 58
33 59
23 60
3 61
7 62
7 63
1 64
52 65
17 66
7 67
1 68
55 69
41 70
51 71
6 72
35 73
69 74
16 75
2 76
51 77
42 78
50 79
68 80
65 81
11 82
10 83
2 84
16 85
27 86
8 87
66 88
52 89
40 90
46 91
58 92
34 93
78 94
4 95
74 96
38 97
89 98
26 99
77 100
12 101
48 102
95 103
102 104
78 105
71 106
105 107
102 108
16 109
77 110
40 111
40 112
55 113
10 114
6 115
54 116
108 117
38 118
94 119
90 120
104 121
59 122
9 123
121 124
92 125
30 126
34 127
28 128
74 129
117 130
94 131
22 132
12 133
87 134
22 135
47 136
134 137
83 138
64 139
102 140
135 141
34 142
119 143
5 144
4 145
44 146
1 147
38 148
15 149
17 150
35 151
87 152
37 153
34 154
7 155
153 156
134 157
154 158
35 159
10 160
42 161
41 162
26 163
54 164
153 165
105 166
154 167
111 168
18 169
109 170
139 171
10 172
139 173
110 174
132 175
107 176
48 177
45 178
26 179
141 180
34 181
35 182
37 183
24 184
106 185
72 186
111 187
147 188
118 189
40 190
120 191
37 192
139 193
125 194
2 195
174 196
68 197
49 198
133 199
150 200
122 201
30 202
69 203
143 204
97 205
29 206
67 207
84 208
2 209
130 210
87 211
203 212
117 213
82 214
182 215
162 216
40 217
94 218
181 219
40 220
124 221
23 222
199 223
27 224
120 225
201 226
103 227
102 228
4 229
125 230
173 231
225 232
7 233
206 234
135 235
20 236
149 237
116 238
105 239
224 240
18 241
96 242
49 243
162 244
215 245
184 246
36 247
127 248
94 249
14 250
74 251
216 252
23 253
18 254
94 255
9 256
246 257
86 258
54 259
93 260
123 261
64 262
38 263
129 264
129 265
253 266
205 267
234 268
158 269
114 270
116 271
99 272
121 273
96 274
20 275
29 276
97 277
25 278
147 279
3 280
109 281
229 282
224 283
186 284
280 285
52 286
108 287
270 288
48 289
255 290
193 291
242 292
157 293
187 294
264 295
76 296
151 297
114 298
55 299
266 300
84 301
80 302
277 303
174 304
287 305
301 306
234 307
148 308
150 309
266 310
152 311
274 312
309 313
142 314
135 315
22 316
199 317
203 318
183 319
68 320
204 321
197 322
234 323
179 324
171 325
286 326
316 327
295 328
290 329
43 330
269 331
16 332
65 333
313 334
264 335
122 336
219 337
65 338
337 339
238 340
215 341
293 342
69 343
185 344
165 345
58 346
215 347
320 348
327 349
54 350
261 351
194 352
18 353
38 354
71 355
270 356
57 357
321 358
356 359
28 360
82 361
328 362
241 363
207 364
338 365
56 366
125 367
350 368
6 369
258 370
293 371
330 372
39 373
105 374
367 375
331 376
14 377
100 378
13 379
207 380
340 381
181 382
86 383
341 384
75 385
226 386
20 387
132 388
322 389
190 390
67 391
309 392
46 393
309 394
362 395
327 396
238 397
267 398
206 399
10 400
247 401
285 402
259 403
294 404
383 405
252 406
348 407
358 408
127 409
382 410
209 411
361 412
19 413
79 414
405 415
99 416
95 417
255 418
352 419
125 420
199 421
192 422
135 423
418 424
366 425
388 426
421 427
120 428
239 429
96 430
190 431
355 432
23 433
338 434
403 435
31 436
11 437
93 438
87 439
156 440
25 441
240 442
376 443
59 444
48 445
280 446
216 447
361 448
437 449
73 450
321 451
402 452
367 453
157 454
199 455
307 456
339 457
248 458
404 459
429 460
441 461
83 462
25 463
155 464
350 465
64 466
188 467
283 468
122 469
362 470
38 471
414 472
459 473
101 474
226 475
71 476
318 477
326 478
373 479
91 480
438 481
230 482
1 483
89 484
471 485
459 486
283 487
280 488
125 489
307 490
36 491
86 492
269 493
77 494
124 495
354 496
3 497
259 498
411 499
443 500
313 501
275 502
320 503
170 504
94 505
349 506
372 507
409 508
110 509
321 510
431 511
248 512
329 513
363 514
431 515
508 516
295 517
93 518
158 519
289 520
123 521
121 522
33 523
176 524
99 525
336 526
340 527
287 528
286 529
301 530
434 531
412 532
471 533
465 534
311 535
465 536
521 537
243 538
454 539
429 540
36 541
446 542
224 543
267 544
215 545
256 546
239 547
67 548
130 549
34 550
24 22
340 372
355 441
118 124
225 165
260 314
373 221
405 491
83 172
51 485
62 40
367 91
284 506
208 388
275 265
297 286
506 80
503 185
35 44
420 481
141 31
360 191
315 206
455 28
72 239
277 280
137 123
476 359
416 297
4 271
497 227
473 63
505 140
131 63
495 472
229 19
42 232
307 197
41 507
245 539
270 199
382 45
70 126
46 389
354 345
339 432
324 86
154 94
545 87
311 118
376 383
192 415
68 106
126 408
169 377
304 409
374 258
203 231
136 539
70 487
479 425
197 304
93 492
505 263
130 451
36 355
485 532
169 286
207 100
101 77
121 297
462 467
336 27
327 545
27 35
521 332
159 410
150 459
344 513
167 58
355 386
530 502
268 321
392 57
388 381
397 314
304 37
142 279
424 229
33 186
357 398
415 225
114 42
185 408
103 300
442 309
198 154
462 328
321 323
79 540
391 263
507 217
164 446
411 520
62 437
277 360
58 34
182 243
51 344
84 108
482 215
197 351
542 437
178 509
197 225
5 442
484 195
415 429
214 388
47 373
176 4
478 430
316 459
395 71
481 470
437 250
65 142
89 312
243 448
137 196
516 157
307 191
237 321
71 214
474 359
25 275
529 438
250 350
170 43
521 416
34 540
151 3
302 175
308 245
437 48
40 146
302 407
102 459
171 505
234 525
60 55
128 125
102 274
252 347
279 352
343 261
342 540
39 311
267 162
319 40
233 67
251 141
515 56
532 187
515 305
527 243
517 22
454 527
331 346
3 541
23 184
248 76
460 90
245 421
502 394
449 464
95 12
147 234
286 367
303 446
482 99
515 169
435 471
462 40
72 22
67 223
314 519
474 426
394 240
475 258
335 216
386 474
252 443
315 373
280 474
464 258
319 278
422 450
279 260
386 534
550 186
189 144
90 523
301 298
234 256
462 17
330 522
132 281
410 368
501 461
519 272
494 539
131 400
442 318
399 114
375 418
327 488
287 225
138 41
338 19
412 139
367 339
240 217
64 426
37 543
185 526
125 189
333 480
189 38
157 230
181 276
104 224
417 40
246 283
347 315
88 74
25 449
379 399
334 243
89 187
192 490
120 317
474 403
64 295
384 281
127 539
546 332
177 261
271 424
525 88
281 459
151 320
542 52
333 136
388 338
258 415
135 465
155 29
245 206
400 35
547 199
160 46
122 490
177 360
377 252
364 403
254 347
402 394
301 426
323 309
228 308
383 236
482 273
253 41
519 290
316 399
274 64
492 51
487 154
294 274
524 434
44 297
548 303
246 466
96 401
91 533
519 173
191 119
50 278
401 78
84 547
344 186
285 10
515 392
522 510
105 232
210 501
446 63
166 19
99 19
169 233
188 402
11 485
413 370
175 103
467 454
128 301
234 407
283 505
141 161
265 377
255 240
345 225
106 268
367 101
56 171
467 452
29 13
490 447
217 204
331 165
113 190
475 423
511 27
144 84
87 546
268 438
140 55
448 116
363 271
178 120
438 256
327 179
303 55
263 341
242 94
79 426
446 462
452 199
426 455
228 44
402 404
40 29
167 545
121 314
525 487
8 180
463 455
501 224
98 473
40 434
342 436
481 340
251 141
543 86
178 273
114 451
291 453
243 115
101 304
4 193
103 37
94 367
360 97
115 308
10 240
349 193
49 449
336 66
540 19
414 119
109 100
271 220
344 350
406 226
340 509
38 89
364 138
87 517
33 166
493 253
135 163
357 396
456 377
498 119
324 231
20 80
8 335
69 161
542 257
433 278
7 239
422 208
88 224
242 448
487 68
1 62
189 481
384 475
219 389
423 479
202 550
151 373
439 345
231 254
193 318
192 547
419 202
338 155
218 172
320 424
199 320
388 473
90 200
399 390
16 345
118 439
190 324
550 194
463 59
232 27
53 540
390 131
140 104
470 12
307 537
281 81
79 494
189 36
416 187
514 405
61 174
249 491
331 358
149 461
85 110
37 438
438 512
455 139
163 40
340 131
17 176
457 429
162 403
162 4
119 482
255 127
475 135
293 529
460 398
130 103
471 275
12 430
125 494
332 413
520 27
276 412
544 188
134 519
394 249
49 307
235 299
305 100
509 91
72 227
525 549
314 550
116 167
374 459
436 152
23 462
548 327
285 71
126 464
215 77
168 246
311 512
173 391
532 214
190 381
356 457
122 319
489 146
494 511
181 300
55 147
130 413
416 485
168 72
325 69
9 232
289 527
250 284
324 139
222 427
92 398
120 393
438 295
32 53
154 305
539 58
211 543
358 200
466 148
359 463
155 306
210 445
519 519
348 251
321 145
450 361
149 329
158 89
338 384
405 229
11 266
63 19
43 429
1 1
311 273
130 522
536 406
466 474
471 436
478 361
460 417
61 488
292 284
102 15
219 385
224 468
169 109
433 339
135 36
203 32
429 355
487 494
152 421
393 527
448 418
132 106
49 540
386 394
360 296
217 276
184 139
508 228
33 485
285 168
402 183
279 349
341 418
173 23
381 210
528 413
200 298
303 498
305 456
288 515
421 6
477 436
535 308
129 513
248 235
220 176
233 167
151 119
430 34
303 418
47 542
279 302
170 64
275 443
209 378
426 487
308 395
386 333
500 347
127 513
356 262
84 27
230 423
169 545
440 496
511 104
198 24
522 517
99 409
280 453
419 96
469 160
312 170
171 45
520 302
349 269
360 37
267 123
93 242
362 443
112 38
283 437
434 287
454 180
335 388
405 267
288 456
544 235
403 392
228 242
46 174
440 179
343 544
318 179
245 226
321 112
427 435
375 443
60 423
338 42
441 310
442 273
147 312
198 292
462 398
108 184
524 89
39 248
127 404
187 473
523 380
330 66
249 2
63 25
145 259
30 373
292 92
35 261
355 442
363 129
364 84
231 187
213 298
545 463
252 46
311 453
10 287
405 337
3 362
210 370
536 299
218 239
370 442
11 33
366 479
143 476
299 283
401 112
232 226
203 155
301 139
114 129
331 350
216 303
22 546
433 16
325 538
461 424
139 341
124 443
128 266
174 545
50 104
45 469
77 119
204 373
83 410
372 13
156 318
205 192
86 521
432 114
48 546
371 44
74 345
208 243
420 152
449 163
408 228
91 301
543 434
461 501
187 362
530 397
3 124
380 215
203 120
163 32
354 164
396 80
94 385
502 483
545 379
381 7
279 248
536 402
481 165
393 366
95 352
56 107
417 379
23 98
378 491
69 104
352 375
256 478
30 315
82 429
320 42
450 421
215 375
536 329
41 83
486 268
71 195
384 268
317 486
117 16
206 445
44 444
46 318
102 533
256 144
161 82
457 246
90 310
43 282
341 288
499 534
412 316
519 182
221 218
239 268
513 444
380 197
2 250
335 360
227 158
278 357
388 320
277 20
525 384
220 28
546 120
494 399
447 372
274 527
474 496
110 541
18 186
255 288
262 4
346 271
427 113
292 347
350 8
482 317
343 295
15 320
93 543
425 105
370 45
514 499
191 407
139 278
242 318
111 317
444 200
101 496
148 422
342 215
265 541
69 479
239 485
254 198
148 262
169 117
249 345
531 161
300 537
390 376
13 72
542 37
423 417
517 422
540 245
300 449
60 281
109 291
328 106
431 361
310 47
117 160
116 529
78 48
507 474
430 438
412 24
171 545
75 415
189 24
56 206
32 214
62 270
140 275
374 492
498 420
351 217
283 230
377 237
465 535
112 133
314 109
58 471
47 342
482 287
489 504
506 126
180 397
221 485
505 298
367 150
83 54
209 404
415 130
76 340
253 123
492 481
296 26
142 300
262 142
527 224
152 38
46 213
518 11
335 366
182 266
178 58
146 286
313 342
520 22
422 444
511 453
506 154
339 146
402 411
527 174
362 135
309 138
275 166
31 109
143 404
290 124
517 19
541 411
75 177
397 427
14 52
487 339
136 229
283 87
400 119
521 450
395 173
64 330
240 159
512 16
335 5
176 409
348 514
248 518
262 243
362 169
403 150
290 254
316 172
403 288
218 140
92 500
17 446
137 241
463 27
302 83
121 492
400 451
84 207
129 533
542 101
122 165
443 206
491 425
182 329
358 216
306 536
13 499
441 57
493 27
98 52
403 119
66 133
131 547
131 412
86 391
139 364
362 274
374 302
5 391
457 362
96 390
535 337
37 58
385 175
339 347
239 353
77 323
417 448
470 425
458 540
419 416
478 242
230 76
257 274
494 227
68 263
52 125
512 206
292 215
533 188
414 337
380 392
233 499
431 391
259 318
77 302
388 76
171 544
319 144
356 401
144 334
311 294
311 338
530 467
120 281
89 361
294 275
217 20
38 460
228 260
103 266
396 408
432 176
199 382
464 138
203 480
206 489
452 179
431 424
452 415
424 42
481 44
162 157
456 315
393 177
332 74
253 348
448 69
352 265
66 444
149 481
169 293
43 74
245 377
318 135
362 108
451 223
384 189
49 425
349 542
52 411
511 179
119 453
419 507
174 129
542 270
216 217
128 383
176 44
309 342
392 44
230 137
546 140
149 256
275 376
306 409
56 431
209 240
323 276
144 30
475 262
284 452
288 79
385 262
105 179
190 497
143 301
76 290
326 218
442 379
83 531
151 246
18 210
229 106
268 104
383 460
404 69
172 408
330 292
374 438
112 184
296 31
449 461
295 341
41 404
535 69
393 353
400 275
248 51
443 185
249 494
296 301
39 442
70 145
103 423
275 155
69 5
194 196
476 290
148 360
401 103
334 204
124 530
439 8
267 7
111 59
39 17
346 93
173 314
475 229
114 227
7 203
478 525
169 378
136 289
285 317
377 528
550 27
419 285
169 499
143 230
459 419
475 411
267 418
324 194
29 313
261 220
92 255
19 439
275 462
471 305
306 15
438 65
98 383
102 387
413 124
550 387
218 490
367 325
79 448
239 513
436 148
90 3
238 367
519 479
268 113
200 138
418 254
474 323
494 244
541 311
82 452
131 392
174 466
459 332
174 266
527 442
273 448
128 490
524 494
245 286
395 283
38 349
477 251
312 86
124 420
381 356
340 139
334 81
179 86
104 261
507 252
290 260
254 147
522 350
364 255
380 440
436 369
174 36
479 222
383 264
62 397
431 78
351 169
255 313
258 56
415 215
161 75
45 490
394 242
54 491
408 520
282 432
341 417
214 74
388 448
101 354
134 485
342 404
286 262
150 541
286 80
418 189
68 314
217 74
331 178
515 64
495 91
174 140
230 425
22 363
453 93
355 247
17 367
511 506
433 120
354 287
79 364
352 452
114 49
360 481
419 51
42 144
198 266
100 1
392 403
125 120
197 503
464 389
514 82
262 147
202 441
332 500
169 258
248 212
153 142
257 501
85 456
13 195
161 129
277 524
189 545
292 512
210 489
208 198
457 148
217 461
220 23
238 318
393 482
482 366
410 188
2 36
489 119
123 38
382 246
422 344
481 129
492 372
268 345
377 289
438 482
389 189
152 250
545 540
439 204
443 375
298 547
300 239
382 382
91 403
427 129
253 454
418 95
168 79
519 264
426 246
178 318
205 82
502 117
530 152
19 340
498 116
65 460
368 311
398 485
299 93
548 309
31 352
422 236
208 283
210 420
268 444
293 406
451 379
406 102
339 31
493 254
491 462
13 485
34 472
91 170
142 4
185 114
246 327
214 122
512 109
63 274
46 83
61 408
462 347
390 118
489 112
176 363
378 124
412 231
305 464
520 291
370 435
398 504
517 43
467 60
543 55
532 194
447 171
119 257
147 538
480 292
162 21
537 543
228 55
253 218
449 444
163 4
372 395
184 307
53 421
462 223
424 197
478 156
101 71
319 213
311 65
441 498
187 175
550 394
134 464
380 252
195 2
100 213
21 349
72 447
114 423
113 11
73 328
146 260
238 90
536 405
304 197
322 46
433 194
55 306
389 270
441 353
366 473
16 503
175 22
183 498
135 34
372 112
303 287
534 214
177 454
182 277
288 445
229 193
534 113
162 393
209 313
201 292
451 195
147 90
151 509
55 102
95 497
392 527
386 120
344 169
503 301
485 472
302 275
550 210
267 268
354 546
27 458
431 51
310 122
199 346
161 284
147 130
520 228
49 255
261 293
449 173
208 258
414 396
181 381
80 221
271 454
114 522
382 294
455 465
353 88
369 133
444 288
253 418
197 402
253 46
291 67
39 195
17 325
353 193
188 75
331 329
228 74
280 179
512 316
515 468
202 489
533 151
103 493
71 5
21 65
119 281
466 73
8 335
13 511
478 101
63 447
119 70
452 421
210 106
546 279
274 309
83 82
358 180
150 273
52 344
420 474
263 108
43 57
522 440
508 115
412 374
208 196
513 62
68 514
446 209
494 294
316 216
162 124
466 334
378 313
468 117
82 291
138 105
17 410
64 340
393 240
36 519
270 406
121 441
541 308
136 406
161 428
7 489
22 3
459 358
372 386
141 278
38 69
470 252
333 408
155 397
203 437
182 202
92 490
265 139
352 88
479 103
244 91
39 221
198 40
516 96
62 158
1 24
299 519
415 309
327 379
401 492
66 7
520 544
9 48
210 38
408 440
328 282
539 382
435 455
33 339
263 357
41 433
223 502
470 392
488 134
315 459
230 399
192 145
22 163
320 458
202 453
195 395
123 313
464 155
407 105
199 436
217 169
462 92
196 412
468 479
505 87
494 359
456 195
384 87
262 58
483 151
394 346
295 242
156 361
40 445
171 178
497 49
114 537
491 19
436 83
353 480
451 76
217 295
210 488
121 92
1 545
386 36
42 314
15 338
106 308
9 504
59 14
171 210
406 219
189 445
35 59
499 250
166 108
368 378
329 305
298 259
54 389
30 275
334 386
160 270
57 51
527 346
313 439
493 170
386 504
190 367
485 84
91 437
524 53
526 122
54 448
300 463
391 418
540 290
315 20
28 97
491 539
44 169
504 439
151 27
298 430
549 414
263 202
422 111
372 201
380 266
240 227
377 333
430 547
404 94
501 310
478 36
499 298
41 388
343 22
406 527
324 150
473 299
420 121
118 401
290 386
282 173
470 408
53 460
481 470
509 289
275 446
249 459
355 474
59 35
61 106
230 202
179 550
386 413
93 167
466 458
14 312
379 516
59 497
121 3
69 530
262 502
323 154
105 97
270 511
530 298
492 345
95 425
69 183
271 85
33 244
143 159
463 413
60 420
172 297
10 502
309 237
455 84
453 471
111 38
310 333
352 147
238 57
530 531
366 447
224 422
269 92
341 471
65 357
245 406
234 58
332 180
285 448
256 392
40 70
68 196
157 217
269 383
240 193
494 323
197 178
136 284
244 216
280 484
78 225
549 83
419 11
510 107
265 90
510 393
16 505
496 86
216 135
413 57
542 351
189 548
276 188
8 306
5 86
509 228
283 283
378 517
405 226
279 324
223 300
59 425
95 95
89 339
511 242
19 50
138 114
132 76
68 59
418 65
205 404
472 294
398 27
355 381
388 116
299 13
303 199
287 401
130 210
288 319
368 244
310 129
511 465
430 49
311 104
261 44
46 372
535 10
224 5
109 125
153 177
213 479
182 427
408 507
263 466
11 270
236 346
107 242
447 313
173 288
491 184
252 450
288 106
368 363
139 459
168 69
5 105
354 203
27 387
63 274
514 547
370 421
479 534
543 147
435 139
475 451
121 261
59 282
472 190
12 530
197 19
387 276
534 447
502 107
174 45
424 518
32 352
191 546
235 25
430 279
67 237
15 119
43 478
305 463
514 154
373 160
333 77
330 365
416 311
115 82
261 505
404 298
133 395
407 342
293 271
486 476
171 184
131 217
340 527
477 305
62 547
68 14
393 241
310 248
31 440
298 116
413 365
212 365
132 539
152 127
279 453
445 237
128 321
273 174
314 516
175 259
153 397
458 458
247 535
346 257
362 544
328 500
292 57
171 408
269 396
499 231
220 21
4 117
8 192
269 213
387 419
126 122
545 450
66 363
166 68
193 69
162 230
202 434
362 197
395 476
284 429
487 121
402 492
134 159
313 334
258 394
432 540
299 193
327 334
476 175
361 158
7 182
205 270
202 227
392 81
478 339
206 212
312 440
91 324
352 216
34 339
144 4
345 267
312 349
381 123
118 352
27 197
550 351
365 4
465 174
320 289
442 442
349 491
253 504
58 449
520 266
100 159
120 283
424 273
41 187
539 45
398 85
175 135
4 459
106 168
482 114
167 81
187 489
212 23
179 19
547 11
380 8
307 132
313 368
500 458
111 532
286 456
284 463
196 342
365 23
424 66
123 44
213 320
425 458
133 297
274 266
467 138
483 50
273 29
40 333
113 273
71 279
260 130
76 525
257 36
41 424
340 485
291 116
122 228
95 130
36 37
83 17
86 402
244 491
134 150
115 407
69 221
365 101
371 23
446 108
317 419
67 245
91 373
210 173
341 401
132 432
280 232
159 167
534 99
352 369
80 462
80 49
161 350
304 392
178 206
32 532
335 38
492 165
285 250
373 216
94 25
249 212
177 350
38 119
450 184
127 265
36 450
339 119
119 492
469 339
165 497
514 465
61 57
57 498
484 445
313 254
485 210
418 474
279 331
499 298
292 61
251 398
533 360
104 472
392 428
309 99
548 467
351 210
111 260
366 351
535 258
256 367
123 192
260 467
238 157
29 273
370 272
416 12
419 192
5 484
184 269
78 357
414 219
432 165
489 39
299 291
256 154
47 97
221 177
287 261
541 514
266 86
295 417
192 125
332 156
261 324
283 313
550 104
320 300
222 15
500 242
267 287
383 410
366 6
280 234
492 283
81 334
154 166
254 452
47 64
242 216
539 84
232 85
236 19
12 311
197 471
171 311
241 436
291 122
98 264
199 299
278 451
322 267
370 403
432 27
155 59
490 82
182 11
293 481
365 445
386 534
47 517
248 190
220 91
508 399
146 416
53 88
325 493
410 77
81 294
167 76
422 237
373 550
94 132
116 441
136 492
342 216
387 477
83 153
399 529
344 535
400 248
83 369
494 172
498 60
102 127
301 67
148 359
23 427
161 542
216 507
451 263
248 468
30 286
126 426
364 401
434 39
339 251
150 358
355 165
306 263
141 27
284 31
160 314
90 153
94 162
266 219
185 453
296 272
364 348
214 466
535 515
197 367
540 59
201 151
141 84
94 480
52 131
110 498
67 347
178 4
148 122
108 83
377 145
244 153
342 212
211 375
491 236
205 442
155 14
206 346
195 133
153 87
1 498
350 449
516 427
262 384
344 521
304 385
443 432
304 387
157 363
525 210
385 538
70 355
219 59
451 539
105 93
217 28
62 159
326 63
471 97
520 115
525 455
82 31
143 13
428 450
85 429
405 358
105 1
68 409
21 471
378 425
440 16
452 193
309 440
80 19
22 42
398 201
299 423
112 140
450 379
214 119
227 282
368 520
262 544
382 339
37 260
380 112
461 79
527 391
174 536
288 140
472 436
413 528
52 151
279 362
333 541
503 396
214 496
4 31
330 364
530 415
246 244
154 213
238 415
167 9
183 436
231 204
484 392
353 414
399 302
408 217
35 188
452 472
370 471
487 441
364 361
252 422
246 152
117 167
126 499
164 155
226 369
463 170
398 251
205 260
213 365
175 333
80 466
375 301
466 314
10 267
207 546
187 42
474 418
156 316
185 80
350 498
504 404
200 327
435 392
98 532
332 388
294 280
386 42
550 138
499 140
321 239
455 17
331 124
115 299
76 382
42 131
121 140
262 68
421 515
376 136
361 178
87 487
462 418
285 143
212 217
377 223
38 170
77 199
97 402
147 78
106 354
444 481
517 451
157 60
365 205
29 492
42 496
221 11
85 281
465 470
385 208
322 438
63 524
270 124
55 271
126 510
155 1
459 534
173 265
439 73
398 67
183 79
127 484
288 24
67 194
398 362
239 309
467 125
453 64
545 195
189 528
241 308
158 147
278 51
384 280
254 104
270 405
319 391
240 450
388 503
385 435
448 468
270 472
389 110
484 317
122 393
308 299
186 161
365 439
120 167
444 248
163 245
282 521
31 357
287 310
214 15
549 365
221 61
73 310
41 43
320 473
301 187
506 345
285 280
268 99
399 259
19 281
549 21
526 366
40 219
232 337
89 181
411 142
539 103
167 286
92 451
125 227
209 420
294 394
226 17
138 157
459 124
393 328
461 473
310 304
481 493
321 91
480 516
284 191
219 263
170 298
486 514
321 385
269 410
340 71
154 529
41 263
304 87
471 549
273 510
530 18
12 312
307 213
430 57
361 486
452 20
390 541
527 523
79 520
63 150
30 398
530 467
355 483
366 197
460 539
273 385
283 156
8 127
459 461
397 367
282 232
511 223
467 325
470 142
390 472
472 52
371 182
158 372
299 345
239 224
156 193
425 505
24 133
303 252
321 340
199 331
407 233
160 199
266 360
74 58
217 10
201 510
137 180
102 75
361 429
495 63
105 486
224 421
205 241
126 433
501 206
115 175
484 526
229 95
318 6
281 248
24 273
500 217
124 29
406 429
330 314
484 200
443 175
321 388
520 178
84 53
14 544
186 134
431 231
389 504
425 401
294 233
531 296
68 112
81 130
9 99
486 542
368 381
87 202
353 124
197 519
411 270
360 108
364 197
17 217
507 3
443 406
324 388
23 312
378 472
278 87
193 337
407 424
419 387
529 156
411 512
197 55
522 399
25 215
280 447
283 348
14 365
514 21
347 228
344 191
498 202
167 351
36 436
394 151
5 277
329 158
269 18
175 196
91 29
66 367
341 489
7 444
14 102
515 271
18 380
436 362
477 442
357 256
177 396
135 95
406 317
132 546
245 476
334 333
237 205
411 513
169 168
483 101
77 515
294 427
231 440
514 424
155 174
178 449
235 460
184 266
261 411
489 391
247 429
29 420
393 132
170 435
311 355
46 117
433 197
153 521
549 331
412 309
39 475
173 230
436 476
250 133
291 40
418 543
37 228
123 363
483 153
478 47
526 512
332 139
322 65
511 107
207 47
365 130
106 407
332 528
538 301
214 217
459 460
259 270
212 233
545 398
312 421
469 195
252 256
161 376
346 210
44 135
563965
871026
783548
699563
745281
788539
955165
58975
430464
642036
423568
268588
75325
223365
152462
569404
91776
427069
731089
529759
822552
549774
89751
100232
706643
14221
340900
60176
734408
395443
745724
577906
405326
395615
900525
162446
339650
899857
470723
478631
69124
550704
886417
611428
153851
87557
806959
582930
27341
750142
198646
478304
819239
647532
661062
439266
902203
244741
431937
815631
797757
15523
91598
245827
43749
987331
400791
768510
347120
899271
448779
412322
444255
870965
898076
70905
599095
65781
645634
507373
103615
159766
121974
927374
797701
932170
814136
140112
431321
210790
721417
575050
922832
258659
641778
202424
128195
261344
972860
325177
608525
673693
704181
906514
133713
52481
756209
256170
119153
945045
801479
416396
282136
874631
793104
95272
136753
799849
807403
242002
995694
707439
532540
358465
937602
257204
5672
514129
969511
556277
192538
428866
77337
640916
4546
960438
606552
333974
838353
663735
952938
817766
651262
401967
608343
742544
264260
505646
106411
111943
852193
831336
118776
449760
879192
364212
590162
998036
229104
683790
860113
487298
391860
305046
528850
364139
131953
555023
538934
583220
634811
837216
775777
16167
811559
828695
658428
756786
376658
118625
85492
715430
915993
689171
985913
298361
469855
612324
192128
64389
372299
519664
434561
716744
212167
648439
949306
617634
337666
398555
850794
588057
781358
564070
601110
923608
626371
723010
346760
281515
342395
490624
503883
631621
144595
610961
120560
677371
125776
268368
426060
766855
222904
491830
18104
503301
243669
909987
888592
771961
694709
795676
734644
281799
542829
162504
620682
196025
261457
515058
24121
793661
2685
581771
838704
998437
861968
152292
289949
865445
555436
868792
767415
463256
357559
633952
663349
283899
803997
558941
492820
953904
421579
130962
77652
353981
362357
129030
655291
893067
577169
940327
121233
915559
635162
239426
36259
419076
181135
366860
726593
192375
838257
353692
316800
140474
338440
256238
953720
833578
839839
755298
668358
341384
591299
65531
879691
221563
922888
298209
23787
510797
415556
912543
538064
865962
81042
583589
799077
191396
167888
101191
808475
871282
133601
968573
967783
156268
742188
359585
749185
396624
636059
935540
528615
835776
487901
951193
187800
897794
118373
166551
579738
526911
669737
683612
639796
525380
552419
752629
200564
275076
935251
568855
190123
875476
70011
395353
952044
788526
323682
188664
858577
682543
557458
292434
205302
840409
118874
92587
551035
315985
988236
85034
932934
179297
730880
458205
584575
79799
665103
157489
139858
127845
774425
165563
216753
774559
806848
461426
97616
169600
143146
68083
592743
902854
438019
69820
328243
256657
960888
198001
340149
940264
942846
968218
420593
785780
619273
713634
544944
184322
82005
129177
108479
418437
56609
428595
477358
800018
423534
975880
861586
286371
53764
242514
891587
123541
417134
911282
512798
262442
861561
539307
522244
445767
923321
7205
910682
2295
373508
847275
129863
283110
291829
144174
198201
702886
396779
848000
673633
70638
177735
347993
395698
754838
115761
712854
676645
232412
586963
802485
839608
984547
39388
566618
951722
38383
889151
374733
965825
921258
722930
143737
28293
773089
666544
435183
191490
617159
616951
801185
779914
945010
792330
677799
382512
820057
374960
531134
404238
37276
86899
419780
313280
568124
891106
584573
853863
909662
297871
647249
261351
198605
349650
742219
783657
647541
854725
27868
212889
909929
299333
778198
497897
574685
299575
759921
166413
905389
342465
505546
94205
233236
718157
425119
723510
271030
278730
526868
632249
298263
334378
353969
3402
926753
823076
669153
375859
688737
584820
478645
561278
315466
7766
189215
449343
383794
713359
18104
11848
190352
129636
73466
104562
820804
620129
818566
427482
74575
340820
149023
770338
653911
165263
620461
158252
503460
341737
321916
446627
246438
181693
165690
521074
98860
357225
200573
721290
425582
742161
988794
714081
581892
571290
817679
262509
753261
852207
520250
895085
302153
554048
192095
89761
924319
299134
103110
997581
504728
475040
759707
877561
811970
890208
260140
907508
346895
202495
996974
128140
931539
498173
288377
246616
841481
614946
982855
376879
63886
361144
239290
643374
742436
766030
477075
590390
784624
935351
894715
487659
168445
355977
572541
52214
735095
133470
398346
328772
164785
93014
970228
146181
504032
173523
551604
244782
843293
160956
635429
274871
931367
140795
830278
916829
878686
387903
806651
159393
957129
193274
557260
60040
5073
844900
12325
852185
990724
541686
394964
825506
672084
949104
628751
7923
50837
298452
103915
423905
574210
222376
987302
347269
130808
654264
907998
974331
532345
300050
132887
763875
116971
886920
859834
422819
445142
107569
607440
951970
670442
988841
693707
231311
166646
29260
589757
480600
916146
872447
805471
837428
875639
699559
363084
613913
873665
153647
519683
60358
994036
979143
582184
549179
310164
586528
589891
913212
581067
422449
253312
458578
622055
10741
916526
328649
251674
188266
812544
763955
298680
167572
272655
7972
541820
249080
782037
723764
160451
585633
472756
724736
277839
207262
684589
224233
113542
138882
291049
366419
843377
246243
896436
562920
773309
415836
216189
918355
774141
975563
496215
334277
800806
925075
783739
538163
446929
62235
245059
405717
460861
202317
556273
371816
641611
526616
890214
868846
89536
306863
750763
345065
775302
148359
530476
146596
295723
223581
923704
913962
337249
118830
210818
973196
72124
966205
53411
561375
610615
828368
480406
341500
549935
466803
385018
100607
423143
977460
438164
548424
73154
228197
254474
266301
840140
552734
360169
76742
342450
209656
224607
276175
529797
552787
28354
866058
5946
708497
552584
553066
841517
738776
136460
260009
90010
147540
71760
380995
298403
487346
425973
310009
175949
214950
589637
143567
32002
512423
637353
42318
376016
942638
708083
627587
987753
455994
35222
569086
251873
522319
770536
388436
901107
482802
843175
908509
147133
933038
325618
439094
670719
743955
478091
960832
651040
81138
783515
910432
137896
967714
468462
361341
33159
972797
301491
994437
201613
861476
979710
493032
637680
825207
727302
219227
729098
993566
474342
917591
350872
882755
808544
101272
474235
125717
593749
515166
642747
880583
430863
838511
442879
971663
879927
530066
743638
803175
786655
999317
131058
205968
948218
226889
944039
438410
522911
953409
279600
411228
274634
259927
283627
812306
520602
11751
79512
512954
110356
780242
727902
201895
977054
86780
86534
980974
592837
575565
984318
49580
931064
926644
8407
198782
947211
148640
609479
70406
984756
901
426791
218093
761297
471773
349558
137628
90977
996901
420693
865985
154310
94044
694345
164433
758666
410503
644861
499520
51735
735919
537469
924106
516541
300705
535164
567598
612271
814509
963790
767854
569350
77032
157551
587088
662653
136554
389242
448927
552500
381137
868338
999659
579373
5628
377085
33093
901266
550544
613924
16772
170349
103735
461909
235203
728622
729692
685409
988960
208040
668016
318398
755647
714836
751592
862470
709509
368845
81469
515894
322013
759763
212331
131184
423415
511944
754674
371321
894467
512054
713048
955068
553018
815239
142501
638213
551446
672907
577957
677063
190549
529974
265386
548310
629562
201439
514503
77550
983756
26242
148118
279146
412629
229246
204147
772430
177508
547608
472127
286654
562572
298550
864286
455300
790371
961765
137465
219533
423107
18516
580797
549741
430860
326359
17370
288663
581728
532837
968324
353254
342950
992218
130934
406871
5640
73718
502762
824524
513205
70940
655906
328970
640415
658899
468578
334140
331006
25608
843124
119214
127819
871050
328034
357523
888390
40077
222016
738176
658800
292648
311968
483822
25554
253271
420699
124988
564148
133370
625231
76138
761703
677523
855003
13535
134652
751436
234021
120420
307915
629551
61076
555943
474029
608684
878679
205561
788865
95703
548252
241040
278315
115623
148057
601606
899152
326648
102791
161368
49243
906314
590626
43305
625148
526528
407466
997116
746596
265313
465061
841021
65098
992730
480283
119352
673833
337018
855321
762592
52607
903349
326895
446858
101583
392738
741041
177135
718624
6205
662329
65646
698621
232742
850467
740103
434739
438944
796752
213025
191957
584275
29668
119110
284667
287050
742473
93665
924927
725173
509609
326471
487231
887592
194103
441579
738846
627674
369767
633704
318787
583783
766642
951035
22552
258191
972947
489926
441740
315765
942796
383567
364689
688416
523234
628991
245087
797181
794780
552099
824751
911516
173192
693038
205761
265903
480694
5877
818647
502350
815100
376305
970872
271285
224560
916289
709550
724548
249713
81446
977351
268926
488990
991237
722328
637770
264605
961128
370293
436853
922454
455165
829178
48815
163253
516629
499398
204618
855596
352871
791291
844158
614062
377419
58879
393319
863285
849215
269886
195461
794173
706981
710949
166651
613447
209155
740712
154256
332759
240642
4285
166962
588982
490799
924895
660718
69617
109501
546701
48377
584087
779585
703432
11306
580287
882100
46680
194557
557184
524853
908488
543890
254456
478917
264677
829932
283269
487049
393795
879795
661263
639883
571000
225010
661564
70329
629407
289241
918522
802213
315158
352764
175225
855619
812736
282067
992622
440814
351044
483256
551570
703844
651980
817068
776736
913285
598855
450706
385626
772632
26344
794482
488965
185733
639845
313719
538153
74332
736696
683505
299794
521741
241505
720596
345105
455982
583906
662072
533628
815033
403074
696727
753577
579338
930699
822418
652663
507813
819276
559020
113030
548398
194199
474765
265786
825072
376580
604992
635067
496087
571628
545397
14264
242165
100591
416512
53664
957633
307374
589465
678759
202643
652306
225114
183047
653801
996740
156356
675836
811302
369842
863162
352647
20237
791312
417092
263404
457674
383381
350733
608500
150634
670010
238693
393516
664990
812734
719617
340708
817468
29797
262582
495857
299582
271668
22145
263531
476865
538615
593538
523248
903366
98171
118652
878943
572341
566164
648727
382557
641173
985880
239263
260052
354965
807522
883394
754799
22535
378257
443669
358815
154271
168710
992400
976793
980025
903337
121485
723926
612560
99364
246733
988497
976327
222758
582899
964365
959780
379938
248071
894924
17104
593614
264244
635161
891353
261797
876043
429696
274480
975653
707902
471568
843051
127249
653541
513119
263620
818544
58749
471366
483416
400268
632420
363233
142569
74804
44190
157969
148636
788474
16979
24954
466876
597750
855822
695365
785845
906818
627584
928095
169497
314235
969595
573303
744351
32006
73399
674692
24543
626697
834833
42109
686232
627886
670727
826399
143594
614628
337917
121451
570268
652957
226491
720614
632023
567696
716716
260631
111657
954681
178081
97996
892739
638100
89740
736661
798715
962406
901126
758727
991499
308084
469001
52346
803408
761674
361718
960588
477068
948021
608848
981852
416164
980042
129279
980944
877539
669213
826191
841679
894837
988426
36782
772999
418285
881967
849394
565033
350336
917872
673168
76840
38663
988466
802214
521918
239105
861088
269042
911975
499150
518890
532504
433635
183221
147328
254624
979320
779423
213532
370614
192942
983194
511093
469160
251921
189463
773517
367724
680179
339756
363172
813271
602535
927507
164546
239079
99783
284777
549105
458298
37743
674800
433024
606164
927552
513806
452418
277213
940190
317387
173709
620193
116083
595415
331131
918926
593833
987714
862188
618426
460083
660289
137858
83290
422021
48560
220260
427916
580375
602762
659708
558670
33191
843763
650745
87300
834356
388399
240141
46070
942595
292840
602800
728528
299998
837484
467995
524449
388496
481772
937230
171548
235562
895998
255819
906969
541569
872348
877720
289685
321709
775460
332289
312046
706380
503766
536020
440425
928509
514904
582691
235948
821734
554421
859205
900291
611887
219097
53845
663903
178564
194903
355442
357266
450135
714788
134590
820757
272795
305817
779103
407171
343626
465205
626240
573019
752608
138073
950865
181185
257053
615626
50307
568701
914823
34610
319693
420155
224294
104415
42602
668298
521095
730306
4376
938269
819898
282610
111771
539341
589203
12135
162872
508693
327852
639743
713722
407188
430754
891836
390320
839630
561684
332932
391469
620779
315239
614815
666375
136311
778948
388413
500889
14113
766040
709550
433473
19324
853907
652712
154082
468097
351594
512900
896611
177035
68821
350657
814062
443737
309010
666431
683634
509391
278688
712838
856610
630454
134789
96445
919539
624375
157448
308147
706338
708644
728631
703065
464748
395887
624803
314758
857300
194609
49823
180338
735200
398693
84420
823867
230428
391786
322544
832419
485718
884357
826051
74000
804960
723292
208673
684619
794066
732540
485170
533185
274757
228372
693349
557829
455001
107191
219560
612940
348015
673374
737330
954160
771632
432740
267386
463534
858437
429640
974013
647655
498716
541742
607292
527970
3369
846623
132283
922569
568418
294596
483779
136744
676419
937071
217185
651633
549960
690515
452644
487803
996598
746247
194979
788478
760786
331206
459317
110232
710311
8242
813240
642635
86597
593548
331339
876989
392956
93246
322771
790007
957477
675153
663994
403047
428826
245687
650155
991326
975354
701443
58519
476178
286118
597100
992563
623004
893958
611342
938295
168123
845508
80488
760993
558800
435087
682526
110768
458080
867674
443257
760810
88342
756123
609699
71191
954494
875148
936108
65667
794826
684269
742791
786047
584145
972288
518605
812641
379083
569548
1465
836863
928662
337819
388266
723576
283125
391804
146085
978220
364428
950594
280400
638143
666213
904642
77496
216090
977005
114777
33932
264553
745271
935203
111968
853342
381304
796357
145515
774189
738250
171493
149896
691278
86954
54061
753401
523454
975162
658827
626976
755326
383871
535668
584772
451858
456100
714268
264914
627715
609333
68863
546457
29278
609700
873884
22540
525683
742664
837748
28676
141655
687385
229264
912060
375907
