550 3000 2017
2793 1788 1447 31 1121 2770 2250 1273 809 893 519 987 2525 930 1975 1717 2022 2453 1717 1646 2206 2104 2052 1695 1436 20 305 1463 154 208 1249 2919 2389 1328 403 487 2813 423 465 2273 2565 1225 1346 843 885 2954 476 1563 279 475 2209 2846 839 798 320 2226 1374 263 2349 1046 1672 70 1155 1574 1844 115 2361 1690 236 1273 146 1689 1087 1982 1274 202 1803 361 213 2332 2638 1805 2466 135 1271 2653 1033 26 304 416 1057 2766 2160 480 2429 1387 1174 757 312 90 1848 2215 2654 2475 1941 1812 2852 295 2383 335 1435 2704 253 1946 1561 2880 447 2189 1593 695 2780 335 2980 1161 2897 484 440 1840 1363 423 1944 1814 1383 1394 2820 645 1271 1085 1866 266 2080 1163 2933 2959 474 2731 1029 1969 2967 2333 1639 2665 928 203 2599 2751 1284 610 2939 1243 667 2841 2873 1438 2770 290 1628 2585 2887 726 259 2475 2239 774 1347 2441 1694 1711 2566 737 783 2654 1659 2505 309 1924 552 2502 2842 1491 2150 2510 845 1690 1644 2289 753 2558 2303 1742 1403 154 136 266 556 2271 1325 1863 273 2767 1565 202 2735 1895 1150 2309 523 1731 178 1599 208 167 146 1848 1858 2979 2728 2145 731 2494 147 2627 2100 1879 295 2432 2847 2631 2596 1463 2306 2499 2344 1131 2247 2137 455 2542 2137 808 1506 1210 609 2085 77 2833 706 2203 1526 2461 1922 35 779 1658 834 1597 2466 443 2280 1006 431 2386 2395 1298 386 1972 862 939 1463 2732 457 666 1962 415 924 566 1338 1641 1821 1419 2365 1445 1964 757 2588 1010 661 1565 2073 60 2678 2419 646 1841 1874 117 2864 1158 1781 2198 1836 776 57 610 1433 1047 384 337 934 2743 443 1403 269 754 850 2947 2048 995 2605 1599 930 2420 1451 2302 1138 2330 2584 1395 1884 799 2020 217 88 2864 946 1896 199 2616 110 2071 883 2981 2011 26 2422 2722 1388 2694 174 989 1729 234 320 2409 1125 1496 1346 1495 1333 2829 1709 2760 19 477 2507 1326 2708 339 773 1388 806 1008 1048 1027 471 112 705 206 1346 333 2295 2200 67 2799 1680 901 117 249 2254 2038 1433 2674 2835 353 266 2098 1691 17 591 1315 290 537 2296 99 302 847 2269 2047 2389 1974 2003 1 281 1204 153 413 147 2910 2426 1913 2927 2265 467 443 615 2571 2672 1071 786 928 1882 153 1118 2761 292 2168 1363 1314 2822 1236 1746 1779 2369 1082 2087 105 2492 917 2786 742 1710 2782 1204 2543 221 2439 1400 388 502 1565 783 2349 2606 1277 18 2899 1625 448 2729 596 1049 113 2905 2819 1962 527 2670 1912 1859 14 2053 2844 207 2027 2237 2071 2981 1455 166 2765 1372 1387 1683 703 2755 1830 2677 1542 713 2579 1440 1925 2608 2366 225 2512 1727 232 840 2927 3000 1825 1402 2183 1814 1222 259 1187 2772 75 354 1575 18 754 2029 942 2593 2981 2479 2500 2394 1536 1151 670 1425 475 458 1488 1496 1966 
1 2
1 3
3 4
2 5
2 6
3 7
4 8
7 9
8 10
4 11
5 12
2 13
4 14
5 15
2 16
2 17
3 18
6 19
5 20
5 21
4 22
4 23
23 24
16 25
8 26
9 27
7 28
23 29
6 30
19 31
30 32
25 33
5 34
21 35
8 36
8 37
18 38
7 39
27 40
23 41
15 42
6 43
6 44
37 45
18 46
24 47
26 48
42 49
46 50
19 51
50 52
51 53
34 54
48 55
42 56
34 57
17 58
16 59
24 60
22 61
25 62
22 63
10 64
56 65
41 66
51 67
66 68
55 69
19 70
3 71
53 72
70 73
34 74
65 75
66 76
11 77
47 78
64 79
14 80
42 81
58 82
39 83
26 84
42 85
7 86
46 87
85 88
47 89
12 90
47 91
11 92
41 93
45 94
68 95
47 96
4 97
53 98
77 99
39 100
45 101
96 102
13 103
79 104
27 105
46 106
29 107
50 108
1 109
28 110
90 111
80 112
11 113
76 114
94 115
68 116
35 117
43 118
68 119
12 120
119 121
19 122
82 123
94 124
4 125
85 126
101 127
74 128
5 129
128 130
120 131
15 132
67 133
3 134
121 135
49 136
55 137
107 138
90 139
77 140
131 141
129 142
66 143
40 144
117 145
137 146
136 147
62 148
122 149
29 150
6 151
55 152
57 153
123 154
70 155
67 156
34 157
5 158
156 159
126 160
98 161
112 162
87 163
130 164
24 165
149 166
73 167
160 168
25 169
23 170
97 171
103 172
60 173
135 174
44 175
175 176
175 177
133 178
117 179
156 180
146 181
139 182
180 183
25 184
134 185
7 186
172 187
10 188
96 189
87 190
43 191
179 192
131 193
172 194
48 195
34 196
138 197
188 198
62 199
85 200
82 201
77 202
40 203
152 204
20 205
65 206
70 207
60 208
178 209
15 210
71 211
53 212
132 213
134 214
156 215
131 216
141 217
94 218
80 219
90 220
157 221
131 222
24 223
121 224
17 225
161 226
56 227
131 228
201 229
51 230
20 231
142 232
66 233
196 234
26 235
147 236
80 237
23 238
178 239
104 240
53 241
87 242
39 243
99 244
131 245
132 246
139 247
180 248
231 249
47 250
237 251
240 252
114 253
118 254
51 255
140 256
180 257
167 258
1 259
2 260
134 261
107 262
246 263
232 264
80 265
17 266
194 267
63 268
256 269
129 270
12 271
246 272
257 273
241 274
163 275
159 276
28 277
146 278
53 279
103 280
123 281
2 282
229 283
115 284
207 285
283 286
68 287
226 288
243 289
194 290
275 291
148 292
81 293
187 294
83 295
216 296
21 297
271 298
186 299
247 300
191 301
166 302
84 303
138 304
94 305
145 306
191 307
83 308
226 309
262 310
136 311
50 312
98 313
170 314
66 315
99 316
311 317
67 318
113 319
315 320
151 321
37 322
270 323
202 324
129 325
127 326
117 327
114 328
152 329
203 330
192 331
43 332
42 333
46 334
158 335
308 336
147 337
108 338
163 339
289 340
302 341
323 342
248 343
334 344
3 345
343 346
62 347
225 348
310 349
39 350
331 351
160 352
295 353
130 354
138 355
134 356
55 357
126 358
264 359
336 360
129 361
100 362
78 363
139 364
252 365
209 366
208 367
57 368
281 369
192 370
247 371
277 372
308 373
22 374
25 375
133 376
351 377
292 378
75 379
162 380
345 381
102 382
138 383
101 384
300 385
226 386
93 387
307 388
150 389
272 390
268 391
67 392
210 393
59 394
228 395
226 396
134 397
15 398
229 399
306 400
39 401
289 402
239 403
178 404
91 405
19 406
295 407
333 408
262 409
74 410
93 411
91 412
256 413
32 414
75 415
54 416
78 417
202 418
127 419
90 420
379 421
198 422
199 423
95 424
89 425
394 426
385 427
408 428
404 429
21 430
285 431
309 432
374 433
90 434
291 435
232 436
111 437
145 438
74 439
332 440
407 441
237 442
271 443
276 444
326 445
372 446
227 447
307 448
244 449
107 450
203 451
352 452
69 453
412 454
226 455
2 456
46 457
324 458
326 459
446 460
213 461
271 462
380 463
367 464
221 465
71 466
14 467
74 468
134 469
100 470
451 471
188 472
83 473
16 474
169 475
352 476
32 477
359 478
256 479
50 480
262 481
423 482
21 483
134 484
277 485
296 486
250 487
335 488
138 489
42 490
69 491
93 492
265 493
117 494
434 495
465 496
117 497
142 498
490 499
300 500
461 501
451 502
52 503
119 504
433 505
161 506
262 507
252 508
178 509
377 510
396 511
251 512
365 513
139 514
384 515
481 516
87 517
163 518
221 519
419 520
69 521
226 522
169 523
208 524
22 525
489 526
471 527
134 528
85 529
502 530
439 531
287 532
175 533
141 534
424 535
310 536
474 537
200 538
345 539
462 540
331 541
273 542
466 543
173 544
465 545
506 546
413 547
22 548
330 549
73 550
145 156
422 324
8 310
436 139
266 119
44 322
507 377
281 6
439 59
517 325
263 350
306 427
480 337
308 53
194 128
10 45
319 155
128 57
93 102
161 159
158 64
376 466
488 366
243 516
323 244
79 151
348 487
127 265
463 205
12 430
151 479
499 113
539 74
387 408
460 197
81 498
132 301
14 240
306 168
331 276
218 163
356 246
421 460
532 511
534 223
58 262
58 358
349 203
366 137
305 138
166 71
178 458
322 216
161 113
325 115
269 276
77 102
190 291
44 533
85 166
405 333
257 122
265 451
261 312
229 374
516 486
289 455
259 452
18 161
247 360
327 289
410 243
108 128
501 326
161 81
325 185
275 197
444 220
72 151
473 535
262 424
261 526
542 237
124 497
244 500
50 198
62 205
150 147
371 489
125 519
269 112
417 517
112 185
335 429
546 106
176 253
132 279
398 10
59 112
210 73
79 217
472 532
201 371
300 520
141 202
121 119
4 52
474 547
454 241
540 25
547 310
62 105
547 178
75 295
456 121
454 57
20 44
497 195
371 34
161 541
138 350
98 243
302 323
434 390
44 235
364 59
148 275
98 507
181 544
289 517
510 284
12 10
37 493
385 258
80 305
217 41
294 375
153 307
356 315
549 379
140 307
90 206
29 277
245 294
313 13
179 461
443 375
465 511
416 60
274 416
394 392
227 334
250 543
118 87
25 500
200 392
142 291
261 265
224 24
229 195
509 159
329 126
471 464
91 101
281 408
498 489
379 271
30 374
512 346
547 268
408 464
326 462
83 60
52 77
16 392
151 311
101 46
104 99
373 57
379 540
25 545
235 336
340 215
72 80
191 246
79 242
136 411
213 548
83 278
461 72
245 185
192 437
412 112
311 141
535 203
526 446
531 130
277 176
467 162
418 454
221 17
41 540
14 441
158 445
50 233
484 169
69 11
358 522
334 21
134 455
379 369
44 184
247 192
486 266
218 203
405 307
284 85
309 548
433 172
220 278
443 321
12 182
31 57
188 123
25 493
287 100
80 93
324 334
77 351
230 355
440 474
149 112
235 507
4 184
16 73
369 8
94 26
146 112
498 343
461 138
134 57
497 142
97 370
465 239
227 415
464 549
150 394
81 324
330 339
471 416
46 420
486 390
32 26
450 403
155 238
71 56
379 409
51 354
482 382
345 182
291 55
375 443
218 233
222 164
531 67
187 286
269 83
214 134
213 405
197 120
169 511
254 306
11 447
146 319
297 161
157 50
496 458
42 541
464 157
126 340
333 215
256 149
107 488
207 391
441 388
274 106
435 261
361 457
190 181
525 208
252 185
234 292
227 162
439 56
215 168
503 297
504 133
394 544
196 65
16 270
143 253
495 375
494 537
201 4
188 441
176 466
531 132
124 93
284 86
220 440
183 396
264 127
328 541
426 256
297 59
432 220
247 461
469 430
27 173
131 14
172 333
81 98
532 531
299 532
391 62
34 348
34 490
342 225
448 289
377 541
519 511
129 298
518 70
233 537
17 414
97 62
306 101
3 179
233 472
532 179
37 192
90 385
184 396
336 213
404 61
210 262
96 433
123 483
26 55
401 513
168 374
131 281
460 88
279 26
385 216
418 191
388 40
392 386
88 277
388 100
541 322
405 524
430 148
327 448
439 72
367 472
152 480
87 326
355 96
491 184
289 152
418 1
404 222
507 486
39 510
150 139
276 386
51 356
55 512
12 20
152 512
420 395
13 44
218 179
116 432
188 515
170 270
33 468
172 34
26 455
297 523
540 187
296 132
314 161
249 249
415 370
75 443
409 477
544 93
516 527
441 169
275 310
134 142
265 5
180 288
389 188
76 108
98 113
269 173
277 149
203 497
162 306
188 538
529 315
481 451
359 247
376 357
352 466
281 272
204 333
217 331
313 490
526 539
114 405
440 521
375 19
350 176
397 295
408 381
217 416
174 143
196 424
323 352
450 354
188 514
209 349
245 387
361 150
418 8
454 228
500 18
146 61
222 388
522 412
507 377
209 544
493 459
91 187
304 69
392 83
210 237
375 204
160 549
169 138
376 536
110 237
167 291
337 460
273 336
165 104
191 304
399 502
250 70
255 383
192 243
432 58
352 124
416 62
263 312
208 280
524 131
274 459
339 548
72 486
374 70
54 394
353 300
12 452
422 232
21 539
264 206
533 236
120 61
189 470
156 281
105 206
261 460
395 65
205 94
6 402
539 89
275 345
491 511
265 365
72 216
55 483
270 107
303 3
176 377
241 254
247 377
236 456
52 511
152 30
223 71
500 513
428 410
40 510
418 85
288 165
519 372
466 456
508 108
163 262
370 456
188 130
477 476
367 425
333 437
550 473
385 298
232 295
540 161
529 33
524 319
106 537
67 486
493 453
432 91
262 248
516 128
167 419
177 145
231 37
344 520
159 17
70 315
339 217
95 424
544 499
179 322
404 154
374 408
383 159
215 414
58 248
253 537
249 36
179 321
453 415
543 329
441 279
247 456
418 153
480 60
385 350
26 258
330 14
315 438
62 371
202 141
72 41
56 464
12 19
385 392
268 463
192 194
105 513
319 139
265 104
157 430
412 68
327 154
477 140
472 73
320 536
503 230
389 312
364 233
448 461
317 391
524 459
87 430
286 300
174 384
485 110
534 362
282 226
181 282
448 510
145 528
208 517
470 491
17 224
112 239
28 512
217 450
450 167
152 1
149 75
104 256
143 18
412 81
260 373
106 402
509 129
169 399
103 160
3 197
280 543
80 540
431 201
178 335
163 175
103 286
416 367
23 419
67 181
441 27
458 295
90 54
84 473
418 547
294 188
443 220
94 510
6 395
266 494
1 228
447 502
118 211
246 445
329 306
97 62
224 158
267 254
208 294
214 75
501 484
49 381
382 433
221 275
228 56
422 398
352 409
313 165
21 338
266 50
175 230
100 498
289 96
486 119
154 76
314 114
316 486
114 212
546 25
35 261
505 483
195 92
503 475
131 363
96 193
4 499
215 367
139 164
492 313
497 318
110 421
463 303
275 261
129 91
270 248
120 380
416 10
63 399
128 350
470 48
425 534
399 513
491 299
305 295
368 163
139 248
341 13
214 483
65 367
46 119
535 256
156 205
61 25
415 332
170 549
41 411
213 301
15 244
347 485
481 197
347 314
348 186
503 155
187 216
208 245
513 91
467 398
549 279
458 99
216 477
8 413
332 339
283 534
248 459
164 64
199 487
535 402
89 13
418 48
392 375
180 415
521 507
286 107
336 170
78 396
78 243
462 332
279 321
10 370
437 290
178 98
349 2
138 278
435 550
313 174
170 370
206 50
305 372
471 335
232 439
195 451
524 382
468 16
495 424
326 115
466 37
241 326
52 539
529 90
24 194
120 481
390 288
104 187
498 34
20 247
194 502
255 480
421 68
464 369
53 204
163 521
127 95
378 354
189 319
9 203
387 482
318 84
530 255
524 192
226 84
533 353
292 48
222 214
429 216
44 197
22 38
156 122
398 63
232 204
250 351
524 268
67 124
313 78
499 436
119 371
408 168
480 419
158 395
113 467
509 485
303 455
249 516
129 38
110 185
401 228
242 122
78 61
268 39
459 327
84 24
430 54
478 319
150 455
319 528
233 385
126 135
308 228
376 215
188 417
146 456
549 498
196 490
175 530
541 117
183 240
431 133
219 293
395 118
5 423
312 110
536 197
478 320
309 352
71 37
32 375
428 100
281 548
488 470
490 84
26 28
413 511
49 352
498 468
48 546
123 65
20 346
420 111
473 469
348 512
69 373
22 110
243 380
153 328
275 219
204 501
150 289
46 282
75 225
51 177
255 164
436 89
304 111
411 88
30 484
464 406
493 92
198 35
54 50
23 204
156 336
29 472
276 187
438 211
109 291
230 415
91 438
498 288
402 373
478 70
480 190
87 2
15 447
160 396
153 537
5 494
207 190
35 5
550 88
189 504
242 260
475 278
132 471
348 550
532 25
389 214
84 437
231 380
84 473
202 470
361 444
64 111
152 460
260 359
97 456
444 451
296 199
514 494
143 245
109 546
71 29
134 510
225 351
29 287
377 172
350 152
410 411
483 117
60 217
391 172
299 494
145 222
356 217
358 355
55 449
162 217
10 229
138 530
255 309
55 301
49 307
369 416
493 73
4 26
342 134
344 264
103 110
140 171
381 547
304 3
174 509
421 381
267 418
414 460
450 386
330 1
100 265
76 340
15 150
117 314
105 548
463 423
100 89
114 519
43 278
241 112
21 178
188 540
5 203
310 472
215 258
352 481
142 21
41 545
406 127
50 459
533 417
281 420
243 187
303 250
77 273
171 324
39 149
34 463
464 94
496 485
49 163
163 502
532 459
188 70
515 340
300 120
409 70
337 5
160 172
181 246
145 106
321 410
522 256
67 249
165 325
109 315
362 178
382 484
469 73
8 139
27 352
118 154
272 514
419 477
261 196
91 91
254 168
253 524
257 170
329 98
485 157
307 395
547 71
147 107
302 143
85 305
360 30
110 419
460 44
537 538
168 423
81 485
521 431
129 169
457 209
253 159
486 539
102 43
51 315
330 305
235 23
481 422
92 203
98 172
2 383
122 437
425 306
514 22
76 37
168 16
364 126
455 44
353 31
124 206
54 527
322 404
438 380
383 472
548 354
392 333
326 138
454 170
12 174
130 2
130 135
92 165
84 1
388 417
153 442
274 164
547 478
322 57
326 416
49 359
297 206
458 38
51 98
521 501
480 111
499 84
414 266
141 384
98 155
228 304
527 498
423 47
415 183
526 116
438 8
19 115
166 44
309 343
510 369
61 291
482 524
64 430
162 414
291 188
417 113
231 419
29 527
177 200
104 361
140 516
181 174
22 72
48 222
216 30
545 168
515 351
375 13
187 199
517 429
339 492
414 44
130 70
393 433
382 165
288 7
482 193
550 410
72 313
443 235
69 119
296 317
313 59
49 486
199 69
446 464
370 460
470 189
205 399
80 391
116 19
538 325
548 146
221 161
322 264
51 140
478 543
480 115
135 190
405 157
154 495
301 217
436 189
413 16
209 446
411 153
478 138
101 388
345 141
500 104
28 58
147 294
486 548
275 232
81 84
137 144
504 3
289 383
93 223
67 394
300 536
70 294
105 13
336 381
224 43
202 401
378 188
350 52
495 349
533 132
393 17
285 162
310 346
116 131
51 74
267 89
166 539
54 96
438 214
396 325
301 448
220 474
185 430
508 487
437 345
426 331
410 393
1 77
280 330
533 236
437 250
424 139
72 195
516 298
450 51
531 21
166 85
460 336
197 228
234 484
271 480
249 58
307 34
314 85
364 426
515 179
420 227
496 169
48 438
476 31
188 290
33 206
275 66
305 357
261 422
63 183
185 482
7 313
83 176
514 368
277 334
486 351
151 331
34 52
380 190
81 114
385 205
391 125
239 502
434 78
135 188
295 429
158 259
536 402
22 473
437 417
543 25
197 399
149 466
319 361
105 349
138 394
324 63
338 364
537 267
135 268
323 331
41 428
256 457
184 309
144 243
380 31
348 115
208 244
443 372
343 181
315 351
381 438
444 432
486 418
253 536
544 402
286 538
374 94
161 399
159 53
204 205
402 431
237 454
496 164
476 322
340 252
386 277
193 173
137 211
490 403
59 236
306 461
320 481
310 42
278 375
361 335
14 421
155 482
374 204
108 244
63 250
395 372
417 161
80 433
181 484
549 128
393 504
231 1
457 447
279 353
81 540
343 154
218 10
156 300
224 451
344 61
321 394
98 496
40 513
433 123
540 432
395 425
531 229
517 35
318 70
536 159
82 368
142 291
417 101
280 99
525 4
245 98
538 102
537 38
474 549
245 157
363 1
367 167
468 515
146 517
191 384
317 400
240 528
547 462
411 325
81 164
531 142
62 330
288 212
428 131
447 279
130 477
273 305
16 499
371 533
177 342
268 291
184 377
309 224
259 425
457 209
441 385
219 45
159 538
530 354
130 356
331 447
407 424
310 155
540 461
26 17
278 94
394 154
63 328
123 91
204 65
465 133
357 111
199 320
231 227
80 144
549 362
525 13
408 339
250 77
211 262
489 535
84 482
3 255
105 182
239 77
318 88
77 138
531 267
4 195
461 127
236 45
70 42
93 235
446 280
241 32
452 36
149 453
268 375
60 457
458 25
283 85
103 457
92 101
181 50
354 242
217 139
153 503
518 544
5 37
308 115
80 194
308 246
86 203
285 476
23 372
81 505
50 29
502 395
30 262
235 147
485 203
226 60
285 382
502 507
300 178
213 535
256 488
472 6
532 169
249 52
96 463
359 135
290 240
140 495
393 230
50 386
356 382
225 507
443 6
420 377
3 94
85 156
39 36
298 89
70 111
158 523
76 72
10 280
37 130
184 378
490 525
544 54
327 485
296 171
323 171
352 380
277 191
136 151
25 146
69 412
288 377
180 452
277 177
9 402
380 81
178 486
64 171
346 391
464 549
83 67
539 151
458 171
251 187
516 549
374 368
144 410
511 545
533 7
198 317
543 525
377 251
96 54
329 202
279 302
48 242
211 470
344 70
170 57
330 220
67 489
518 324
161 398
383 524
47 34
495 99
464 280
355 436
257 154
121 475
382 325
37 115
229 43
376 120
20 177
449 522
119 398
174 251
69 528
32 258
325 314
456 447
13 407
32 526
76 103
40 104
515 225
51 439
349 473
545 303
448 368
17 413
203 45
301 515
364 411
77 489
420 442
208 150
465 65
538 281
242 39
44 474
538 157
201 308
346 40
178 544
92 68
411 90
454 255
3 450
353 512
438 171
45 280
481 94
402 75
280 424
75 543
58 520
305 53
217 276
19 277
223 111
82 59
195 485
77 414
260 153
33 58
337 182
40 50
91 365
371 312
180 127
257 184
63 256
446 464
548 270
467 413
114 457
295 412
303 196
444 325
369 24
352 229
33 222
490 419
108 17
277 113
316 78
248 174
325 378
405 534
166 169
62 179
38 499
434 425
189 33
435 323
466 528
201 335
507 265
25 271
469 432
22 534
67 49
400 345
296 168
169 432
323 271
360 534
320 406
282 333
258 294
461 145
101 60
28 302
74 148
56 351
385 78
286 122
316 142
545 342
264 286
505 250
330 419
104 275
70 475
83 297
537 189
493 352
385 62
368 68
369 271
132 27
134 69
10 417
320 325
479 163
20 528
206 3
217 323
291 209
502 524
223 169
440 126
298 65
342 165
242 278
281 118
5 445
280 487
329 134
113 200
254 399
279 504
494 182
330 109
120 314
516 264
389 187
333 465
535 11
4 359
4 486
369 457
232 182
426 528
408 25
73 249
38 29
537 439
69 100
256 233
493 143
248 24
90 372
434 246
326 491
152 239
1 547
494 504
151 233
60 7
505 533
346 271
426 42
112 541
60 96
364 3
53 391
36 436
250 492
348 344
5 431
523 75
28 413
53 355
545 210
138 514
242 463
548 14
73 133
26 132
490 346
32 475
303 459
360 375
518 414
403 311
19 210
357 526
251 426
116 376
425 317
23 497
249 20
64 23
348 39
168 338
426 21
518 53
427 254
478 117
159 73
225 204
521 20
280 497
373 297
187 77
393 335
145 496
368 57
98 245
361 317
484 127
433 13
122 307
185 211
110 6
145 515
163 178
299 91
336 59
233 217
172 21
4 84
438 487
123 396
142 259
288 320
420 271
265 357
210 474
318 317
272 283
113 426
502 398
282 460
158 279
307 64
232 84
315 205
339 193
46 550
176 438
246 222
493 106
394 143
203 522
259 537
69 68
158 148
196 517
408 338
132 181
342 106
64 243
468 49
37 419
113 276
177 328
316 4
491 50
481 352
390 117
19 10
76 202
372 181
187 435
500 161
144 246
400 390
403 255
182 509
92 73
532 267
467 352
288 471
169 272
121 241
215 59
122 346
57 407
526 400
86 319
169 86
455 242
136 164
500 462
299 148
336 474
318 360
30 17
383 120
120 52
298 4
392 64
254 530
290 302
67 284
455 349
475 483
107 382
385 103
246 354
446 257
483 492
452 82
309 263
382 472
441 74
429 479
68 28
211 457
328 207
321 425
230 106
155 173
481 168
475 490
16 384
124 115
387 311
87 450
311 11
411 336
498 450
71 61
67 181
449 292
9 256
324 466
313 286
406 156
497 95
280 430
441 407
515 544
419 183
195 521
170 249
73 299
91 496
196 132
107 152
440 242
471 415
527 211
211 434
507 53
457 410
453 54
502 293
74 119
138 24
386 60
332 413
35 119
262 288
354 437
483 219
548 174
328 86
507 254
68 195
142 309
84 7
224 283
535 411
292 293
256 50
353 259
170 269
355 143
367 438
6 239
473 207
147 375
189 532
535 245
512 409
379 161
340 429
381 142
178 129
79 443
439 141
247 411
472 172
422 381
138 291
489 231
75 42
291 475
341 16
94 161
143 221
345 452
186 536
380 487
424 245
197 134
89 246
217 371
314 486
371 163
285 103
388 74
324 467
261 143
170 404
546 282
397 437
463 268
58 271
366 275
385 177
418 155
457 525
87 466
360 258
510 40
329 51
164 541
459 270
320 508
130 155
413 117
213 398
83 298
124 106
18 271
207 137
538 323
272 341
145 399
171 222
332 463
307 357
189 359
438 74
437 537
33 547
414 344
32 408
550 26
205 498
486 234
527 375
469 408
26 53
123 345
520 257
135 414
227 294
49 381
71 133
144 21
440 408
76 318
467 4
337 542
347 322
256 545
97 517
1 73
351 404
530 319
527 423
334 103
465 218
341 51
524 252
271 293
550 112
341 334
100 93
462 307
392 461
386 175
124 228
280 268
429 151
135 112
350 418
32 331
36 64
470 300
529 15
489 442
483 15
412 377
115 174
88 28
175 388
47 453
338 514
222 507
131 4
225 138
85 267
185 374
440 236
156 189
173 59
433 317
9 78
268 40
215 248
456 446
112 403
289 517
85 454
99 21
399 16
109 352
143 411
354 11
481 169
130 497
265 16
548 187
138 69
349 256
362 185
84 234
377 493
190 124
130 239
293 287
257 76
25 466
179 378
531 249
30 379
249 47
47 170
374 532
197 377
78 466
512 414
439 532
75 138
157 142
479 241
202 385
436 290
59 432
164 23
503 483
433 33
135 334
349 435
495 453
352 41
349 34
98 302
175 90
504 157
505 264
36 470
433 537
533 193
437 443
467 168
167 468
18 13
335 347
202 509
359 511
269 193
493 533
54 245
349 449
325 546
532 106
478 163
521 542
288 403
517 68
69 169
315 315
384 1
376 12
546 39
306 437
135 155
209 75
65 124
242 207
542 120
142 221
500 305
197 152
505 188
518 131
549 30
202 91
433 207
160 364
201 102
156 90
44 241
65 230
307 65
412 201
473 24
190 392
471 186
319 112
541 448
485 279
356 403
293 305
220 131
540 78
360 226
157 467
435 519
72 373
254 464
366 296
43 136
22 239
522 205
439 340
528 415
542 84
311 474
298 91
89 179
223 37
417 206
349 493
326 167
67 127
421 398
334 310
244 1
78 405
496 482
540 14
162 404
177 461
536 309
40 36
434 47
199 414
340 82
338 378
31 171
284 194
538 371
195 185
325 477
394 126
316 49
165 229
379 477
436 280
541 476
466 540
202 278
36 204
94 396
71 225
153 224
467 360
126 378
488 226
434 291
535 445
393 322
216 12
432 363
478 302
237 224
290 391
447 444
227 382
220 138
477 179
334 88
440 482
125 425
130 137
391 31
210 128
442 65
144 161
180 409
155 28
258 315
366 66
137 271
13 341
474 46
541 191
97 57
253 254
541 67
115 387
219 356
221 382
115 108
60 12
85 73
501 300
304 280
97 402
115 481
429 500
86 260
547 486
440 175
102 15
221 140
367 297
226 403
270 372
16 366
16 128
27 449
175 319
248 298
10 75
241 128
303 419
484 383
23 313
211 382
263 494
295 250
138 97
310 11
199 286
369 531
349 329
172 409
30 139
132 497
514 86
279 448
28 449
138 199
260 63
429 222
516 142
267 97
354 59
482 15
163 234
467 164
2 474
507 547
452 143
81 471
392 291
428 313
219 463
33 461
55 397
516 149
263 318
506 351
261 259
432 135
460 23
325 342
549 464
208 18
466 319
247 545
508 356
243 373
160 342
544 370
55 222
180 454
378 189
454 445
142 351
46 388
370 393
360 355
291 324
383 392
45 28
544 42
188 154
496 479
142 443
479 408
234 366
282 539
311 498
355 143
394 176
281 224
98 447
373 145
389 353
461 324
173 207
45 122
117 213
531 547
367 495
88 291
192 46
321 109
380 89
222 28
278 336
350 493
161 542
23 66
467 106
241 18
94 65
424 390
394 171
127 393
251 385
400 148
361 257
82 183
260 187
323 148
10 286
133 58
437 411
235 110
29 280
129 293
467 69
139 550
509 24
216 447
221 473
271 292
97 64
501 513
88 352
545 414
408 158
514 518
18 259
454 46
256 279
495 447
209 462
421 490
469 503
452 489
381 28
287 355
204 310
284 115
545 474
312 372
31 358
149 2
339 449
65 59
153 414
348 483
117 373
388 196
305 352
139 131
511 40
193 210
496 140
161 356
427 508
314 216
384 545
176 303
398 20
418 203
343 402
82 297
114 444
424 70
393 470
284 217
391 411
367 87
347 245
276 299
236 511
400 239
482 510
372 299
115 515
51 395
54 488
549 88
352 286
304 62
122 231
386 92
258 412
257 142
29 487
366 410
93 55
270 365
85 311
334 500
364 186
275 101
367 469
515 36
197 304
436 539
408 466
58 12
347 258
348 19
473 303
281 34
173 288
258 69
402 48
412 299
190 276
434 389
415 352
449 304
258 275
65 167
230 544
149 154
19 487
429 156
206 186
329 467
416 169
85 341
462 498
542 168
285 535
442 371
548 504
180 252
270 366
259 291
177 362
150 508
514 59
458 75
383 289
468 469
123 144
512 388
47 509
81 15
6 3
300 212
529 145
201 8
515 288
284 94
465 323
384 261
232 145
245 350
536 85
477 200
7 32
502 294
62 386
3 276
186450
743781
834201
92859
177009
416863
522112
415090
938768
580096
772074
48115
347559
306950
915075
818044
705779
428945
609784
939825
889525
913512
214462
478234
850865
752628
62729
991842
856112
886594
148181
433753
42367
921669
3681
759539
583086
329618
284270
75016
848210
584163
795396
77074
759107
414933
297838
772210
3038
289258
397753
168427
184324
498951
307641
662693
453658
856439
413316
238187
295559
130854
470709
303278
277561
318822
456555
33472
633889
680174
118407
301657
269618
165334
970097
434710
431461
636508
322195
550709
475320
156835
688284
83034
468330
978863
160767
884749
396097
888106
908210
421945
339461
766305
732720
481583
416322
378567
564023
873953
594698
474610
653066
776935
110960
117849
83824
365694
271758
328668
709427
22532
803520
885884
394530
213693
257767
995614
714959
302737
546151
52749
647634
133131
949353
495285
33605
186972
292249
558633
100933
705494
458153
184221
14839
713585
40333
315885
938625
227402
558077
379156
486157
173343
68278
443318
669450
10516
148857
238743
605994
896753
433674
893601
8356
947361
687027
423777
650996
783221
753342
76874
954838
261983
296895
880626
541327
859064
740296
713552
838500
908026
746674
112196
500833
679494
917722
392335
877012
778143
141474
739863
582351
17773
443052
357604
639721
745596
645091
836006
393341
357562
567666
972972
449769
386045
681546
67886
715601
942458
297057
992388
167450
797711
984557
899181
362031
268474
498029
474441
944768
933919
606369
122975
570750
613126
427853
471576
627552
37915
188729
547010
214560
564716
874164
850127
182335
36974
975692
686547
358909
129337
233240
364681
323810
850183
986223
355278
983672
100218
391790
27428
269454
73427
961526
870576
352439
550203
30635
247997
653961
705277
217910
582839
312350
590218
408132
780721
185558
155700
106437
146336
146963
505268
85934
511965
48060
615461
29687
77287
876027
578502
552541
83742
778623
323067
417825
897609
723066
67276
457544
971921
997412
581477
163353
983940
607862
441364
759394
142548
896176
701519
855475
547669
126420
203051
152353
97410
931240
821862
247557
422200
276792
768926
464571
591929
836242
762007
167779
202923
271240
257146
707619
299286
405553
740176
375842
550954
200489
143755
310671
782582
830860
807997
440856
558450
587711
759135
678580
286135
295719
84940
368729
52353
921647
235139
663302
166324
369863
65832
807611
250644
858144
99907
343484
547915
607729
531520
769746
357095
76917
221102
262537
980314
135338
885312
611507
86456
253716
80847
736420
806844
957944
616597
591284
451843
208161
333684
214976
595599
743454
313709
628137
941318
523202
688361
651219
922929
544227
287348
728616
653821
627484
666237
997715
648253
68107
423511
294533
184934
898515
770171
379315
857425
658395
225091
127765
864957
712141
304497
749352
813899
142744
373862
385454
30016
836655
260779
775337
742150
333639
808684
457764
288939
256989
228280
847850
98657
324078
283586
787980
568956
826941
894371
547999
133815
537232
314966
209020
841327
89331
20538
623615
449959
480884
67284
177736
159106
645285
651786
809277
661516
850718
783849
242438
932018
388536
674655
355535
145733
645331
213826
826314
357306
681937
506248
394218
219245
625880
83724
14825
235930
915540
787216
16707
503459
136242
909621
826617
116429
486566
99653
282895
998850
923111
915561
353486
369232
8814
12659
561475
716393
403066
107990
416638
748705
641231
869672
375060
166131
224434
677735
776029
438525
555566
961138
220278
730303
280147
107211
331968
736992
498226
439003
453408
217448
265698
859374
785213
655495
151677
718771
73797
75725
954020
165182
453288
21808
540471
680966
60379
139594
847902
196198
672407
496792
359811
524000
446040
646523
774613
110165
773598
841403
152199
940879
236015
409727
124175
158135
841234
736854
869351
833055
191381
892466
153040
279162
332617
440871
266378
589279
940033
802800
152860
109194
869271
575019
434834
123354
534759
106328
16378
481300
184146
781086
618983
374366
371580
166086
278958
16517
741261
832062
228460
90168
973236
624343
258558
132683
108896
251783
785670
938420
874821
804519
105197
483153
968413
786422
614684
839201
632613
592981
223937
670726
385244
893001
436049
301450
840775
611709
684800
588119
47087
272509
990282
821117
234593
296572
772846
685039
920237
460622
595822
377542
63656
422575
586896
497213
745898
680634
71455
413428
871377
927922
535851
208493
409532
463037
450181
523986
835344
435300
56580
594029
302199
342421
414083
920494
809052
301345
81504
393512
628272
960702
729087
668500
367336
531142
305669
90701
836285
694582
57245
475219
848043
303472
72311
28360
304050
311801
424259
22070
143320
921916
705530
93447
453669
373253
617622
977483
770021
405703
137621
569974
371114
303318
457530
267807
468359
600750
725388
860802
15638
570538
35157
90174
727155
832014
680932
176728
843263
339838
946892
921270
407262
534852
88355
385445
303161
67277
634755
210388
660157
165677
523404
511831
977626
930967
296992
486501
809476
763750
197286
972250
885750
552791
482696
821942
138474
996812
162101
587356
172514
302218
170207
168915
898850
300988
483518
561992
154292
854254
193995
175626
520098
86163
835462
112845
36800
267776
486768
391784
40416
7022
734418
87831
62811
416380
186676
736122
115471
393898
265127
306643
258907
66719
551740
148748
518821
941796
605899
762287
226772
145511
652909
767788
958039
112441
881409
313943
508508
592400
251755
69287
763801
12102
753488
48504
824839
598232
817243
654538
226338
215593
983100
268352
924074
195772
50980
775329
895333
807869
475786
270938
791451
854392
998185
641594
47385
265824
257855
976117
432623
201866
929551
200930
469489
733103
427488
840765
271673
357038
321149
93670
373475
57863
938163
68064
200656
266209
609045
981587
314468
231430
549883
452554
908169
941409
103807
917045
588969
942407
321599
814888
154359
825707
712286
581338
210919
11432
173123
305639
521458
355131
790552
973647
608659
662214
90636
90357
201228
324047
636305
198432
953506
337663
655775
75389
105948
287139
149103
957916
365256
196270
411009
305903
586422
502709
679383
601486
768956
674097
679736
105845
92080
207681
332078
327300
739953
141030
480775
898046
892894
44421
139416
2314
549405
73448
668277
827765
88150
77501
40826
207919
209845
132565
591942
131914
815852
736999
764731
797822
487982
787915
913215
373351
585333
253311
779710
943685
429885
879269
359845
908475
162823
149635
12328
664272
504855
207490
189565
445170
641974
484015
958303
965294
261681
870909
751949
121145
431639
309185
564168
852266
566911
405300
788312
61885
166528
816245
531016
404818
744696
796677
768101
459052
654405
540233
778115
535283
204239
494027
868984
648690
827260
918073
808287
481113
997882
418149
407702
538236
135481
497923
786176
268499
833774
818542
205380
463288
306386
140708
419980
565292
379680
85573
247751
192530
902234
713112
556136
79090
886469
119813
825125
850103
849321
809372
770104
955313
233682
283149
188577
793364
192657
985582
411874
761208
520252
338233
144706
789463
621097
870730
553227
457938
401079
825573
322700
188140
484166
601582
611287
130253
583354
679216
674564
995904
800763
118423
783276
962677
60856
858101
193135
343808
13920
599937
22638
543129
519911
613139
248466
205146
937863
832489
731972
871812
20604
983590
760562
379578
902023
960717
321104
927108
435500
424522
535893
628941
886900
885674
736186
543269
360172
168222
792574
50561
155492
347068
890533
328950
482481
822782
13300
856705
872875
768257
161143
196290
13488
221126
634363
747772
250079
367349
983252
46039
667357
720725
283864
662943
425748
944533
19170
75266
834159
638471
470801
370965
319071
538399
883974
946064
817945
648697
499497
101517
478742
49424
834596
994957
624209
181383
580710
99315
255565
900260
684322
790855
325196
983952
746126
575220
946329
626393
586149
180619
363584
35888
180901
747902
577296
598059
955217
494501
208799
786820
560176
893309
113478
774808
22796
267940
886241
202153
578228
673310
820049
976412
172794
414291
309754
321020
895734
246734
119237
666357
118466
786688
974687
785433
406779
155067
533559
353887
747270
27063
548612
435039
222857
556689
764157
123096
395886
418951
462111
315882
5348
821565
379883
768924
924573
736507
859942
566103
720208
253100
313623
846697
20857
224481
64652
621379
843348
162508
809621
328315
48550
262
712583
256523
49716
561737
919866
94800
384202
222646
450828
794828
451445
237968
385756
502116
138954
493823
265744
989859
709021
249871
7375
775349
167306
228654
852359
34221
974511
34866
525289
734464
600368
626832
917992
449159
584626
524070
276734
385025
370912
984498
547687
671438
167786
274328
950243
123701
418944
797408
409592
746271
656988
906998
245934
976410
544501
773736
185809
918103
720589
440492
494963
869356
223908
879639
330983
450707
873410
73639
967303
576169
171633
61050
818927
992560
936448
235284
589632
599758
836738
932701
224990
138763
471693
43873
281779
475927
251835
110798
673193
861826
921964
545722
162163
44417
111298
36954
263173
459056
74596
149772
335191
39626
136764
274126
410727
757875
8697
570948
383732
328879
544525
330678
340099
1512
755312
264912
352990
572524
534171
829025
580560
210412
884302
244316
83114
392830
83787
747929
528193
137372
619352
124245
963821
66852
212993
914798
229388
563350
39444
69545
299645
568088
967011
891436
106534
408565
157189
323971
777583
66841
232725
823007
257924
810839
189810
542738
410391
357092
75262
774421
113947
683545
633439
129027
98442
611125
136064
321243
388320
310361
341585
664833
773661
556106
321923
111485
312327
743282
504973
698363
535462
64863
108778
972874
745927
233538
951448
11037
925626
779442
972507
347533
317651
568103
871736
343253
195372
931135
336250
268116
211938
951420
893744
210574
965588
418884
808557
18091
600039
694367
706183
559991
944644
268925
679769
173217
845400
325486
493249
204796
814163
295016
127522
454529
192746
890628
750947
157067
790869
496577
582062
159193
944722
838719
332530
25807
537120
653318
128226
173238
532293
30525
72051
193527
210440
43187
772514
13220
662519
464473
411820
468655
697763
811590
685268
293745
36447
445362
476832
233253
951940
115259
852956
252714
845552
150179
21910
513477
229955
159952
222048
120604
493473
796939
92050
156220
650866
380929
453637
420244
739941
173765
547545
34487
179816
255244
321455
627038
611250
364656
625968
412772
989434
900398
593669
145096
609725
819943
889436
58158
123900
726626
274985
356639
304379
631241
979106
572804
536771
129960
709827
241647
151073
380273
497032
21459
300196
984635
857334
845383
148835
311678
502418
165766
68661
401624
332839
610994
303480
960395
622789
222668
702475
704765
777276
490558
607571
611383
997285
66065
862458
250791
607706
404791
729515
640030
35130
886915
18775
860306
1382
550764
833715
258908
490118
333198
693111
346811
580740
828712
396705
731088
825807
198942
660144
398560
172058
953273
932906
797014
199579
887907
124183
914942
941324
240684
999555
265290
631341
73735
633599
113745
800256
617741
508321
676875
278412
868793
704383
220054
960347
991018
213816
309941
895228
775205
382124
417612
334914
935888
922943
778533
202626
468408
414554
824749
326425
193036
343913
361207
27747
39264
813598
765432
769797
357355
648109
148746
767653
129928
413326
265642
822061
468857
159166
889274
49547
110624
271934
324351
807284
94788
849362
422948
866780
801298
938883
344373
135039
592857
963166
371108
820956
95308
631411
239496
665716
127812
128279
952409
970896
746620
985251
193078
756088
844244
557170
774111
329021
58958
813094
179195
755696
522772
711204
677139
615976
800304
757011
434325
48448
851090
272801
687186
851350
55693
723199
494848
487438
756506
809632
511161
981133
658132
181821
472058
371006
197179
619540
480549
17680
488434
634533
319167
590518
458112
940019
600755
761446
200914
332425
975181
536987
782391
829875
400191
781075
6819
612416
373664
990673
925357
440199
971816
69660
527249
361055
652214
355326
785966
896101
797194
155782
285577
961593
612043
576583
59145
243905
882498
501719
982393
15909
960221
958224
346825
660626
869549
835858
729740
549944
511145
400319
170811
397196
48616
813054
678577
575558
104938
928377
756142
565795
498320
994591
544021
390436
38304
833314
498605
927310
291074
824249
331107
721832
462662
40672
424582
387648
604123
194196
19914
575590
298649
570327
625670
330351
953913
740786
291254
216116
703575
811437
107770
178448
630775
574361
859349
728293
305853
949255
352942
858200
838899
476750
193554
575569
217607
400074
619248
4412
352586
339991
174748
550986
371314
209242
342733
133233
820057
978616
820959
269799
335932
482012
502802
720363
710589
146358
939849
731261
136994
912759
925963
599201
778259
319574
47045
266016
654752
506766
36423
133510
750905
925
22466
388837
702451
847302
745745
779345
633930
281424
123117
418338
67993
694149
683126
999541
559204
783605
57393
464747
174095
119728
470341
792872
314276
645583
870845
627605
701841
427372
152585
26591
387879
402725
376893
110646
247005
967581
338384
613071
11531
709435
555102
423394
980207
409001
503335
969516
368939
671830
371150
8559
139461
140404
773531
969069
764773
606139
367673
156593
206683
697700
7800
339014
92119
982063
967948
661885
851118
583966
577164
316971
263452
792120
103412
933929
753277
864199
705316
114578
26770
240537
443935
137161
31938
530627
928332
577713
818455
141529
225849
814514
871613
642615
303955
838843
227014
772028
191343
129594
502504
954121
482116
526374
940157
946183
285294
678838
951235
86430
241965
2918
208602
126335
984036
123001
541064
376987
205787
374066
502200
239273
664509
937754
417271
23332
48346
599486
653942
594635
100710
328174
207243
415647
960632
989374
835887
860968
152781
372617
156481
698673
822402
602473
801410
918599
263325
838848
51031
460734
633157
690
312074
421612
855557
811561
255049
390123
782990
130831
863398
64860
895218
475736
760341
353311
98281
726646
50225
404060
739535
711394
580535
534909
366756
641306
706570
610417
731915
40797
866029
417643
190540
987440
758540
192416
632786
608477
749108
762445
547949
346415
