20 100 30
44 1448 732 130 2911 1448 764 2249 18 1244 1130 1378 283 2813 836 2262 2623 171 2611 1805 
1 2
2 3
1 4
3 5
5 6
4 7
7 8
2 9
3 10
4 11
10 12
5 13
6 14
3 15
6 16
11 17
6 18
2 19
18 20
3 6
16 2
9 13
15 20
2 20
19 4
9 4
14 7
16 14
15 12
19 8
1 1
8 18
18 5
16 1
18 20
10 1
8 13
2 12
20 13
17 18
2 5
18 8
2 18
4 4
17 18
15 10
6 6
1 11
12 13
18 4
12 20
5 7
18 16
16 6
20 4
10 1
13 20
3 5
11 20
1 16
16 9
6 2
15 12
16 8
2 13
8 5
6 15
2 3
5 17
17 19
15 16
6 15
4 10
13 3
9 10
4 2
1 1
14 6
18 5
19 14
16 3
7 3
16 7
20 9
1 2
15 16
12 11
17 10
10 15
18 7
19 13
7 14
19 18
9 10
19 7
13 17
1 4
1 7
16 6
18 10
56547
19163
38202
45037
38085
43591
39418
14824
36722
29311
21394
53774
8619
36750
44480
59124
25830
56434
54896
59297
28619
28605
31015
19281
41848
38901
17084
25237
5982
17972
