550 3000 2017
2780 563 1526 2082 1631 2063 1800 982 299 1717 1110 810 274 280 2743 901 1822 288 394 2851 1080 2716 1529 637 2792 321 1374 1096 1718 2203 1013 1908 201 2755 1019 2784 590 2235 149 1933 2883 2030 947 1824 44 1099 758 2859 885 2499 2072 886 2609 1328 2955 386 795 1769 2862 455 2100 2707 2107 1615 764 2843 1012 2810 2108 1001 287 1091 1027 111 599 2570 535 227 357 620 2582 2688 1174 2568 1742 1804 1151 2963 1442 2061 415 351 502 1485 908 847 1733 2920 873 14 1880 1004 2022 2153 370 2465 744 2058 914 1888 2827 1510 2121 2424 957 1017 541 607 1772 289 700 254 2523 1976 1077 504 2937 2542 2260 1493 1747 782 2108 602 1395 727 2442 467 2448 895 1551 2099 152 1075 2830 379 2523 2954 1807 297 939 2962 2891 579 985 2586 2713 2525 2105 851 848 2704 2392 401 190 1715 1069 1174 1889 2901 2550 1752 2620 1596 2709 1538 1156 2936 219 2161 75 1924 930 104 2453 1142 681 1270 1569 2332 1020 2373 1123 873 347 2455 2567 1056 2708 2068 2176 2961 2899 2903 2730 1674 2337 1874 1668 1352 1002 2791 2155 1790 723 209 1715 2684 2268 1482 1239 1964 1755 2158 2595 2193 921 591 1879 57 2833 2667 1959 2477 2726 1683 761 1886 36 1509 2518 1754 1610 2292 821 2759 2454 2063 2589 2359 1481 2975 2121 1485 1237 1237 1129 263 1508 1595 270 477 195 1977 2710 153 271 2564 2097 2575 2734 314 282 679 322 2481 1586 184 2185 2128 2874 2727 2064 638 2816 1520 1394 858 941 325 579 2082 2924 2797 2938 2920 2020 2406 1086 546 1321 2110 1824 1377 120 2374 2266 1236 1698 1744 1446 318 2724 2755 2146 1117 2428 1645 1546 2949 2134 792 1615 1196 1920 2056 439 2399 2370 988 36 765 2059 346 1321 2002 312 120 2811 807 1213 2073 2388 2528 1177 1516 2326 2502 565 1299 710 190 1166 418 2943 1985 683 319 465 302 2360 1826 2760 1653 2901 700 1706 2709 1489 213 940 2737 2083 2128 164 102 2394 26 1052 104 571 1875 1061 1173 2379 2203 1899 562 1069 673 1944 196 174 1256 515 474 176 1612 386 1698 172 516 645 937 67 1359 2781 2831 1351 2171 1085 2138 525 2556 1240 2010 470 1179 2899 1333 2670 1695 36 2867 1652 1720 2028 1397 2716 9 465 2689 769 1069 766 385 895 2774 2247 2029 215 2018 960 422 2244 551 46 2957 1255 2625 2440 611 2118 2521 2294 82 218 1367 1179 2580 2088 2380 2439 1315 1504 1321 1920 1656 1565 1637 427 2615 1204 2501 525 1299 1816 2628 2439 790 669 2925 2257 236 244 542 1197 2521 183 1456 552 88 2598 1236 733 2422 2488 360 35 1390 509 698 1183 2333 1956 197 709 481 2761 2506 1075 1966 2 1336 1470 417 1385 2711 690 2617 1980 2417 348 1050 2588 2810 1002 1843 2723 2682 1813 363 2201 2808 5 304 2696 2857 1214 1280 2175 1 307 1155 2196 1826 1440 192 1382 2931 
1 2
2 3
2 4
2 5
3 6
4 7
5 8
5 9
9 10
9 11
11 12
9 13
13 14
11 15
5 16
5 17
13 18
14 19
3 20
2 21
13 22
12 23
4 24
11 25
21 26
23 27
11 28
22 29
25 30
15 31
19 32
19 33
3 34
9 35
16 36
4 37
14 38
36 39
24 40
30 41
21 42
4 43
14 44
44 45
19 46
42 47
47 48
17 49
14 50
22 51
6 52
27 53
27 54
19 55
3 56
45 57
30 58
54 59
23 60
17 61
46 62
14 63
1 64
54 65
33 66
12 67
3 68
55 69
30 70
62 71
29 72
53 73
56 74
4 75
34 76
69 77
62 78
14 79
72 80
38 81
13 82
8 83
55 84
29 85
39 86
69 87
17 88
50 89
26 90
6 91
31 92
38 93
15 94
55 95
13 96
69 97
62 98
34 99
58 100
78 101
94 102
92 103
91 104
57 105
6 106
67 107
22 108
8 109
86 110
71 111
104 112
57 113
100 114
107 115
61 116
43 117
103 118
4 119
110 120
111 121
39 122
81 123
9 124
110 125
4 126
5 127
52 128
104 129
58 130
103 131
18 132
90 133
70 134
5 135
48 136
26 137
27 138
77 139
2 140
67 141
53 142
109 143
94 144
101 145
18 146
141 147
50 148
98 149
103 150
136 151
146 152
47 153
15 154
21 155
79 156
84 157
57 158
96 159
154 160
70 161
38 162
56 163
10 164
6 165
44 166
80 167
153 168
106 169
66 170
33 171
56 172
55 173
36 174
29 175
53 176
95 177
89 178
80 179
143 180
86 181
177 182
14 183
111 184
120 185
51 186
49 187
172 188
41 189
64 190
81 191
66 192
135 193
52 194
122 195
6 196
23 197
151 198
147 199
84 200
102 201
51 202
33 203
105 204
59 205
149 206
171 207
145 208
146 209
50 210
184 211
128 212
18 213
108 214
62 215
210 216
58 217
203 218
131 219
65 220
141 221
187 222
178 223
192 224
212 225
181 226
80 227
43 228
21 229
99 230
211 231
68 232
153 233
10 234
80 235
201 236
96 237
39 238
60 239
57 240
100 241
92 242
165 243
233 244
51 245
35 246
186 247
153 248
38 249
230 250
31 251
228 252
191 253
195 254
200 255
75 256
85 257
255 258
157 259
48 260
255 261
216 262
2 263
180 264
121 265
2 266
174 267
185 268
73 269
256 270
199 271
184 272
189 273
169 274
92 275
232 276
24 277
224 278
100 279
130 280
116 281
61 282
227 283
262 284
155 285
25 286
231 287
223 288
145 289
136 290
89 291
195 292
233 293
211 294
106 295
146 296
190 297
193 298
114 299
256 300
288 301
102 302
181 303
134 304
6 305
137 306
72 307
156 308
282 309
257 310
144 311
7 312
51 313
156 314
101 315
218 316
255 317
135 318
141 319
236 320
17 321
265 322
53 323
118 324
312 325
44 326
295 327
41 328
57 329
123 330
114 331
30 332
169 333
112 334
229 335
47 336
183 337
215 338
241 339
94 340
24 341
153 342
126 343
88 344
300 345
197 346
139 347
174 348
172 349
240 350
121 351
177 352
157 353
291 354
205 355
148 356
64 357
261 358
36 359
182 360
282 361
353 362
73 363
124 364
113 365
174 366
167 367
335 368
327 369
40 370
4 371
118 372
359 373
250 374
124 375
304 376
22 377
196 378
363 379
82 380
197 381
140 382
303 383
221 384
124 385
247 386
57 387
220 388
236 389
231 390
363 391
226 392
128 393
62 394
131 395
277 396
136 397
339 398
152 399
158 400
159 401
144 402
151 403
34 404
35 405
338 406
263 407
142 408
258 409
228 410
135 411
170 412
28 413
55 414
64 415
276 416
342 417
228 418
367 419
317 420
285 421
195 422
167 423
355 424
75 425
391 426
207 427
51 428
321 429
191 430
193 431
338 432
166 433
214 434
238 435
132 436
27 437
119 438
341 439
103 440
320 441
18 442
323 443
168 444
9 445
184 446
444 447
179 448
340 449
310 450
37 451
4 452
330 453
209 454
212 455
378 456
421 457
218 458
11 459
208 460
97 461
177 462
202 463
261 464
53 465
409 466
27 467
139 468
128 469
231 470
414 471
436 472
271 473
295 474
466 475
215 476
413 477
415 478
76 479
70 480
350 481
86 482
15 483
74 484
204 485
271 486
267 487
64 488
411 489
177 490
298 491
90 492
119 493
97 494
114 495
459 496
308 497
184 498
450 499
39 500
137 501
465 502
186 503
396 504
263 505
255 506
64 507
330 508
144 509
94 510
158 511
249 512
91 513
26 514
151 515
237 516
191 517
386 518
256 519
59 520
96 521
173 522
42 523
192 524
444 525
304 526
405 527
163 528
170 529
386 530
217 531
161 532
431 533
303 534
465 535
388 536
194 537
216 538
375 539
121 540
453 541
476 542
198 543
220 544
404 545
109 546
57 547
71 548
230 549
54 550
519 89
381 232
298 101
118 248
520 533
152 43
324 299
343 89
145 275
168 405
321 79
62 259
266 262
374 336
509 37
153 165
412 393
431 121
339 73
406 320
33 322
527 328
242 402
349 272
38 242
62 491
242 30
417 37
6 410
399 350
49 78
211 88
131 107
100 510
43 60
155 374
87 267
436 493
333 221
13 407
244 340
94 261
521 18
405 334
444 443
315 506
466 106
251 32
296 387
33 403
546 502
26 45
354 436
143 535
131 87
11 67
501 339
472 102
249 145
511 51
167 263
68 329
179 313
108 288
338 254
1 145
546 59
330 253
388 246
58 377
65 452
436 196
222 78
298 320
485 58
148 99
333 304
297 456
208 57
45 22
33 130
4 239
246 4
533 161
200 282
499 97
183 280
305 213
123 243
470 193
429 139
257 96
272 113
535 28
325 44
34 6
165 333
39 10
190 377
535 306
235 240
214 100
66 134
81 129
102 319
315 514
147 318
328 395
527 176
312 457
239 146
246 503
154 149
11 127
52 448
346 250
527 120
297 312
18 211
104 457
432 177
404 495
193 391
255 231
538 236
401 271
381 483
93 19
487 496
54 82
79 221
318 375
528 132
503 352
277 173
512 42
252 132
202 53
104 338
535 123
87 424
236 264
166 110
436 545
375 306
384 304
372 116
283 94
294 8
413 312
386 499
452 345
176 249
185 217
311 151
271 486
517 300
34 288
361 209
274 117
96 229
174 133
334 419
37 419
398 472
238 207
57 263
517 59
146 346
275 289
56 324
12 269
388 509
148 524
259 118
459 113
532 29
9 166
171 328
182 59
137 438
100 528
272 459
542 176
16 134
73 507
109 349
185 371
514 259
468 440
15 201
130 64
332 2
154 141
407 179
336 511
425 363
349 38
214 211
243 335
386 260
274 342
52 48
230 371
26 245
473 527
40 542
361 11
488 195
317 183
174 321
544 478
30 455
464 408
424 159
231 363
30 402
298 112
126 382
163 149
311 505
190 101
135 137
517 434
306 84
352 429
102 416
329 291
524 36
468 18
426 491
127 443
442 157
284 234
341 35
113 316
59 512
421 140
416 452
391 437
163 549
425 70
444 227
106 151
464 464
296 385
464 479
129 18
416 497
107 411
5 164
319 514
128 39
233 269
155 447
439 119
257 162
378 191
204 19
257 383
260 11
427 519
170 361
83 537
454 434
275 503
103 56
33 105
416 25
419 215
358 135
44 546
522 85
199 64
292 385
236 108
544 145
383 455
42 156
94 423
154 209
425 64
52 280
502 312
384 119
183 320
86 492
117 13
395 505
188 302
284 366
14 514
415 520
86 383
369 64
145 423
357 42
420 304
456 317
332 260
272 127
226 388
136 77
32 71
65 113
321 344
329 376
454 250
443 454
65 416
108 387
101 458
220 542
266 537
57 471
128 471
198 298
524 380
143 151
290 109
410 249
488 419
345 202
246 439
151 348
61 447
267 189
82 24
289 477
370 406
348 41
283 2
423 400
268 412
140 102
169 512
308 264
340 46
502 219
479 42
132 118
130 120
546 372
410 220
378 188
93 490
327 307
293 469
539 414
525 377
104 520
396 199
195 214
540 84
189 267
298 348
251 130
67 419
324 196
245 477
272 373
529 281
262 532
459 547
277 306
73 472
410 62
68 271
71 197
241 218
235 135
147 484
338 496
151 143
107 527
129 324
41 238
482 522
505 398
414 368
207 107
118 438
185 61
453 278
307 1
415 373
370 175
179 401
511 214
400 356
249 126
548 54
359 445
85 467
245 464
451 335
313 528
299 320
464 9
92 67
548 324
122 546
26 141
193 175
480 546
132 253
409 53
534 548
304 164
247 160
262 461
340 429
404 231
310 257
165 421
304 137
406 514
387 279
140 117
333 471
65 454
458 515
183 451
11 529
21 108
457 119
316 129
513 119
24 209
475 142
344 433
403 183
11 537
115 197
168 372
538 345
416 529
515 331
437 464
33 409
29 508
516 235
339 409
501 248
334 190
164 513
258 293
283 320
183 24
151 241
54 170
307 399
361 99
306 316
238 199
199 407
496 76
50 324
203 311
5 452
120 31
158 241
437 519
498 237
291 235
87 420
58 62
266 548
435 269
206 375
157 180
136 234
312 193
99 41
179 508
111 320
332 290
368 31
477 223
380 301
310 215
211 437
463 378
458 375
443 15
355 335
470 162
131 275
71 83
282 236
158 436
282 436
95 6
294 252
147 205
73 50
36 91
487 149
220 215
81 280
393 492
339 499
205 81
34 89
16 542
444 410
435 268
5 240
383 168
304 39
485 91
467 393
333 374
410 207
271 501
100 473
429 88
205 543
442 60
39 373
532 294
109 76
228 43
384 75
110 499
124 477
180 96
508 484
151 53
81 316
370 298
168 423
30 242
458 152
549 1
453 70
3 13
362 319
85 360
496 184
271 214
343 463
380 126
212 387
375 70
237 194
381 499
141 420
232 404
268 183
295 455
275 507
485 356
400 182
113 120
18 440
440 103
43 235
27 360
401 29
65 14
187 174
483 213
130 11
303 9
134 315
171 40
268 157
152 395
431 48
102 525
450 66
301 299
502 418
290 439
39 191
445 6
169 54
245 532
127 203
200 209
377 7
287 54
522 514
67 519
342 458
412 440
191 202
231 368
159 144
307 503
260 185
46 384
269 104
506 529
469 159
83 171
387 204
373 497
521 215
310 231
13 544
158 246
413 380
256 493
515 292
82 158
253 1
115 219
163 199
535 244
503 98
248 373
479 359
328 199
31 285
83 431
339 143
506 193
59 27
541 438
550 392
192 145
103 452
160 43
309 458
413 47
471 449
94 351
326 166
224 139
406 223
355 441
237 435
127 540
120 173
122 118
168 533
432 31
91 508
31 310
376 287
387 260
178 497
491 547
2 110
213 62
134 206
352 25
43 8
529 167
312 5
517 446
224 412
71 206
207 364
357 502
409 519
470 435
407 115
308 143
506 516
156 364
13 363
49 351
232 351
86 252
202 170
233 432
296 285
340 519
89 488
548 83
532 408
151 308
464 405
525 181
313 299
315 204
83 401
28 365
177 305
95 104
106 22
116 403
42 159
532 540
502 58
154 4
465 319
420 263
26 72
350 357
181 268
22 258
268 298
139 99
26 340
372 81
221 285
343 435
366 456
20 401
121 169
343 9
240 222
151 232
40 298
466 260
374 518
428 432
429 475
117 200
159 156
120 6
218 164
134 123
197 483
315 418
484 166
136 377
348 10
123 332
466 103
423 184
457 520
338 352
163 209
386 430
314 160
511 521
346 463
237 519
430 192
32 455
174 443
406 37
91 52
420 225
130 282
461 233
367 71
144 438
423 1
5 447
77 450
537 399
267 1
529 400
217 154
473 10
84 190
283 183
503 176
510 542
463 22
469 433
357 372
90 512
75 76
204 63
108 411
59 158
223 299
450 321
506 402
42 244
120 202
197 173
475 511
180 130
196 517
393 302
355 433
40 495
529 465
63 318
451 540
61 504
480 169
130 35
443 342
63 153
215 299
314 65
164 415
340 131
520 482
461 380
204 287
346 489
326 227
137 206
104 388
425 37
400 519
534 145
97 548
379 80
180 340
71 135
334 185
15 457
218 91
408 467
287 443
25 61
317 341
312 181
33 532
274 209
11 325
398 139
402 45
455 2
171 544
62 320
182 445
457 333
472 428
485 517
352 232
320 148
513 496
382 534
98 53
382 539
378 487
158 498
2 441
158 309
457 300
441 76
377 238
248 500
204 412
536 381
458 475
357 46
252 102
340 117
213 12
125 473
334 150
75 208
288 521
389 393
317 225
491 490
253 501
25 382
271 193
51 121
257 119
300 107
406 112
467 53
232 121
152 44
154 148
290 33
41 324
257 58
475 424
11 116
8 125
362 220
50 423
545 507
265 151
396 142
221 335
84 175
526 101
413 82
140 486
537 254
93 219
137 396
349 494
421 237
447 213
121 182
303 462
114 1
359 381
369 146
385 472
41 3
304 234
245 34
474 428
282 38
464 325
24 76
20 389
209 323
487 372
129 474
83 113
380 33
93 78
487 69
370 180
462 203
161 238
404 228
351 466
381 178
243 541
85 383
229 420
266 291
461 367
140 532
289 466
415 447
347 232
177 102
540 340
195 492
225 240
16 308
90 491
4 35
542 52
106 271
413 304
58 37
524 522
452 208
197 306
358 291
351 195
453 389
269 457
166 251
534 443
262 17
442 294
114 455
267 23
275 207
204 286
179 542
278 448
58 320
296 21
172 388
110 20
127 390
147 479
344 410
23 187
524 379
299 483
540 530
524 270
399 525
511 163
117 422
189 550
234 49
402 210
192 66
323 326
320 127
469 307
115 82
285 388
122 1
2 290
532 435
40 68
226 239
3 260
341 72
548 287
139 29
44 10
313 430
119 379
185 124
80 288
251 13
160 469
109 509
316 28
26 410
461 35
452 515
216 540
276 184
76 462
59 505
361 332
112 224
188 93
548 221
453 85
246 63
367 326
146 474
387 427
261 363
422 79
528 100
191 77
269 422
387 150
360 428
237 247
376 285
30 321
437 356
484 211
111 392
201 182
296 66
338 142
97 498
56 345
160 122
500 98
313 110
342 2
249 322
83 515
468 101
10 421
64 15
453 263
464 42
200 246
152 339
405 388
12 369
190 40
469 392
496 221
229 122
128 274
116 435
192 517
99 243
401 78
533 519
349 430
237 5
203 39
205 95
532 218
305 230
226 258
85 354
19 510
352 150
161 363
56 241
12 79
73 247
287 149
427 216
271 11
155 69
189 486
390 120
312 377
145 149
435 137
4 187
530 428
289 482
304 373
19 502
61 400
208 330
485 81
5 478
518 143
273 90
48 2
30 513
463 316
319 345
442 536
209 311
210 120
167 225
242 102
35 425
245 518
375 544
534 115
245 167
458 120
7 457
303 314
356 371
481 164
187 152
336 123
388 88
339 315
398 265
379 49
161 98
117 464
356 56
288 96
9 533
298 229
301 206
431 236
78 164
528 235
7 450
202 239
313 220
510 138
116 456
75 93
537 197
357 139
507 530
62 345
528 256
265 163
274 473
78 155
216 285
471 504
497 305
352 183
243 265
490 167
72 548
337 118
141 541
425 522
399 230
483 238
542 318
67 203
430 258
46 152
456 298
377 352
139 97
542 44
59 194
242 240
523 359
284 80
466 36
126 116
266 2
121 260
203 378
156 526
227 515
352 144
421 97
337 66
455 506
442 69
276 541
392 151
130 7
279 496
49 434
475 127
395 360
293 503
472 366
465 161
508 122
139 378
370 78
323 293
267 458
497 195
11 459
492 219
501 56
129 388
175 369
546 90
348 465
24 435
511 455
251 465
205 315
112 387
267 99
101 68
335 133
50 517
121 534
293 319
318 270
102 351
500 226
247 510
201 156
72 225
202 541
452 84
414 487
188 412
246 203
332 204
375 389
320 503
383 115
34 300
519 482
230 123
216 255
295 134
87 297
151 290
146 297
234 221
492 272
195 470
207 64
455 366
300 503
237 180
254 532
471 521
356 418
224 150
337 254
99 269
338 545
376 184
248 363
205 385
227 128
189 100
305 153
486 347
481 195
59 429
403 404
187 362
239 107
167 247
161 438
368 524
411 454
134 401
32 378
453 63
329 116
137 182
86 429
322 297
159 443
127 25
396 241
75 27
310 110
225 159
406 103
417 86
430 282
546 28
378 162
479 262
375 514
86 187
508 542
434 319
106 381
286 333
287 422
273 311
217 417
243 100
478 211
224 148
337 501
36 275
514 504
44 549
316 16
226 294
270 184
392 412
537 83
465 440
68 177
482 20
446 222
292 528
101 340
515 295
131 147
500 539
10 322
436 129
388 192
426 54
525 69
257 295
134 383
500 459
364 167
281 27
348 116
36 90
503 402
75 151
96 206
356 314
401 137
455 299
245 251
549 276
227 85
372 365
465 219
459 426
90 48
290 1
514 268
4 192
182 404
317 479
484 547
216 498
94 161
283 430
463 397
369 445
232 447
153 190
1 158
404 68
531 213
314 517
87 454
401 195
474 219
250 520
269 236
56 113
501 98
41 336
167 121
525 350
470 454
401 244
334 200
305 51
70 371
96 456
231 25
11 168
131 225
324 335
360 524
396 221
50 210
513 334
43 139
145 425
487 56
204 178
42 95
364 502
334 95
360 241
110 369
365 420
510 491
5 431
536 126
100 159
406 79
481 233
105 456
8 305
233 166
503 400
189 39
227 53
280 70
292 19
445 338
298 404
154 25
55 81
397 254
146 54
193 336
318 516
192 191
333 187
62 146
59 175
242 296
84 242
221 386
291 526
510 98
232 510
529 511
74 190
379 542
88 192
229 206
361 144
428 324
386 508
30 92
268 456
506 330
503 415
324 446
462 191
93 433
413 269
517 53
328 516
104 198
256 546
491 287
106 144
122 25
526 213
49 430
349 356
471 51
163 79
289 302
328 381
225 141
130 237
187 471
497 74
29 152
430 468
25 404
29 107
57 7
328 51
429 120
502 212
463 537
259 542
390 422
536 473
21 289
488 27
95 297
199 120
435 213
297 246
247 249
169 213
348 416
288 465
2 189
172 85
80 330
72 374
116 504
110 32
217 187
131 361
185 215
268 388
384 173
410 495
456 162
358 131
147 133
120 402
58 109
246 75
219 241
470 184
83 516
472 483
182 316
72 148
485 140
83 11
264 124
43 252
209 435
452 354
545 138
314 471
318 3
161 407
270 192
177 272
119 438
407 139
525 271
46 191
178 254
151 540
27 139
207 445
246 40
509 167
167 522
487 250
37 178
391 161
137 5
432 311
543 116
288 506
175 494
18 115
97 119
453 89
314 508
399 361
463 15
60 547
127 431
399 512
464 254
512 280
245 520
414 450
425 448
223 379
460 313
496 253
316 113
387 54
319 487
435 458
58 397
168 223
257 471
210 134
413 503
442 10
57 509
486 443
190 144
261 476
415 366
20 311
443 484
159 368
240 326
270 106
195 536
37 338
274 534
455 433
286 423
209 54
339 372
50 284
32 531
415 543
378 31
424 4
256 388
88 539
478 346
492 158
497 287
319 337
352 495
12 538
18 336
189 57
25 31
158 446
397 135
89 361
187 461
382 219
484 37
371 114
532 67
96 383
269 299
126 343
315 440
192 514
121 341
549 21
538 487
438 453
254 16
535 75
287 446
536 519
146 520
133 99
448 237
125 150
257 388
331 432
40 208
96 120
319 403
6 305
518 438
194 74
537 228
282 414
540 321
335 307
399 446
26 210
64 341
115 408
423 154
184 341
10 170
158 52
277 38
283 209
77 300
62 100
236 463
24 185
80 492
8 240
194 3
414 113
230 393
381 375
348 392
1 313
443 444
83 233
379 43
234 492
163 239
36 380
246 275
307 284
208 476
96 523
480 514
525 238
342 75
450 295
422 431
271 79
425 498
296 108
78 446
389 216
359 85
190 135
276 420
83 231
82 91
415 243
86 15
393 102
170 465
542 337
247 337
347 134
514 500
494 548
332 127
377 536
218 200
426 248
463 99
441 456
242 469
545 235
125 26
486 446
4 109
6 361
234 417
245 289
454 200
371 296
383 496
401 217
300 146
89 20
156 348
469 324
417 61
295 71
404 515
281 489
184 454
470 296
95 467
472 251
42 427
81 535
110 311
228 176
497 249
258 414
444 101
64 431
389 47
18 28
495 217
65 271
8 471
323 169
494 527
80 316
59 196
325 260
197 250
516 358
523 121
98 116
4 126
419 457
543 406
443 163
372 248
321 335
70 242
230 307
150 39
206 37
411 71
380 185
311 136
475 515
59 285
507 399
261 421
323 62
135 85
178 51
32 321
545 424
325 120
539 499
386 193
39 109
104 363
389 165
60 59
35 352
493 315
179 347
148 300
6 423
353 210
263 379
341 505
260 379
58 381
87 225
408 77
535 397
80 266
548 298
86 357
509 337
513 3
469 70
185 43
46 498
328 10
228 338
217 242
430 23
29 97
226 220
228 381
327 430
466 56
39 521
482 302
487 344
514 451
122 62
340 114
349 214
172 28
233 377
315 29
22 146
412 290
337 508
260 157
276 153
431 309
152 548
264 195
3 282
221 315
485 279
55 208
381 491
368 5
498 171
127 229
223 417
192 546
259 342
538 292
338 43
444 165
289 394
268 375
71 192
52 515
294 284
273 433
420 406
356 446
309 18
97 433
369 142
349 201
379 462
165 204
414 211
156 482
230 404
82 409
314 468
475 453
399 112
141 216
157 410
90 509
106 135
56 184
541 404
121 224
441 517
298 109
47 28
146 133
66 296
477 512
320 128
279 464
312 274
162 500
325 210
131 199
97 522
239 226
297 125
131 549
507 228
381 257
229 408
407 402
436 407
50 536
165 199
420 230
321 422
369 123
203 105
543 286
484 147
182 212
322 234
105 141
229 425
28 132
179 18
204 530
151 303
231 110
213 96
112 51
310 363
103 543
283 200
258 190
191 419
545 384
165 370
223 1
121 211
354 94
475 85
422 118
73 257
188 466
447 145
101 441
11 294
57 417
534 178
143 413
196 473
336 446
184 125
318 473
293 496
129 141
476 542
263 482
21 465
272 98
268 157
404 14
542 274
226 528
484 139
108 339
198 467
468 518
68 84
508 323
384 233
25 220
201 496
487 492
211 496
225 288
432 75
458 434
443 348
227 282
328 162
259 434
444 164
59 36
80 5
414 495
409 180
251 291
14 278
403 329
138 77
273 276
248 108
389 193
275 20
396 280
49 50
441 364
74 438
361 270
132 323
264 269
145 236
85 411
392 29
159 242
155 275
179 440
145 511
205 137
47 135
53 208
297 194
88 327
342 352
281 302
163 94
18 468
380 458
161 42
185 161
503 61
530 433
425 156
119 242
54 226
312 277
191 314
181 477
165 503
296 78
227 34
222 63
475 420
249 275
96 391
96 25
272 549
424 367
331 231
275 37
283 317
348 273
240 248
255 124
130 505
543 407
312 481
385 321
519 217
212 460
461 332
66 200
324 484
9 48
168 321
195 37
281 100
383 423
260 540
86 430
273 475
37 492
186 89
376 361
506 79
93 291
432 170
299 521
298 362
322 8
379 97
528 508
505 351
6 400
424 22
133 469
537 309
160 509
215 155
264 354
123 148
28 387
369 477
180 229
62 257
22 300
245 50
443 423
276 88
278 35
266 288
418 136
454 199
5 7
474 192
460 509
67 462
62 106
338 104
368 339
144 79
369 204
141 130
494 361
161 51
230 267
211 135
208 381
74 237
309 110
485 126
389 209
453 491
151 467
403 139
154 26
347 502
480 169
8 475
394 11
141 176
364 457
221 337
66 485
368 262
156 131
343 71
368 62
260 469
15 212
187 119
420 385
527 532
102 192
99 536
198 32
165 67
314 293
424 523
178 146
541 413
191 260
548 150
277 251
263 234
385 352
413 140
278 439
508 344
543 253
519 94
478 511
324 89
258 168
339 16
233 56
255 32
184 524
348 352
340 47
333 303
18 28
323 254
53 32
485 238
358 427
299 535
96 391
126 126
368 314
118 56
89 163
240 236
138 326
350 389
430 495
163 158
186 503
283 375
180 233
74 121
210 310
117 504
545 304
147 362
94 425
401 103
125 374
326 329
46 409
58 214
358 18
516 280
336 448
106 519
21 417
41 28
441 145
443 17
129 225
320 327
152 432
347 408
422 485
19 147
366 24
186 283
134 59
240 118
545 21
414 15
151 169
23 59
289 390
327 520
476 317
145 401
126 342
69 160
396 248
38 290
449 544
27 282
431 135
205 200
165 343
345 172
473 130
113 300
3 352
28 489
434 403
126 164
90 166
168 445
354 179
144 8
108 54
233 81
528 524
235 490
280 3
224 54
49 197
203 497
144 338
37 320
438 262
102 278
171 77
226 416
167 107
65 183
18 8
290 516
135 39
35 149
235 202
81 470
108 309
407 468
317 285
86 507
486 347
369 201
262 485
83 107
365 78
133 347
447 451
3 3
261 139
2 202
152 331
348 446
485 212
175 10
120 116
223 456
543 517
5 413
164 308
215 518
176 408
183 247
9 340
299 211
435 353
500 9
379 167
526 206
346 9
193 467
484 399
434 76
194 291
427 337
543 358
250 547
270 353
253 159
297 32
542 68
153 337
65 95
396 367
202 390
533 395
17 37
362 121
92 239
92 476
504 329
239 498
453 376
95 394
199 199
148 532
494 107
37 485
501 332
226 92
404 86
351 221
359 28
358 480
221 268
45 440
344 499
375 202
390 285
547 503
252 289
510 163
409 409
40 67
366 110
353 79
190 534
401 494
478 252
433 82
533 452
63 286
487 531
332 138
201 421
346 375
206 191
360 242
475 50
139 509
385 219
390 120
292 237
444 231
91 99
227 434
45 307
497 331
513 267
270 408
342 476
376 148
81 195
319 127
416 262
425 528
239 159
494 248
194 79
33 287
535 127
477 77
288 173
76 208
288 542
260 23
424 329
365 145
96 27
51 431
446 317
317 66
298 452
270 104
331 31
338 395
46 94
178 366
388 167
157 82
195 205
453 205
377 507
237 353
440 492
171 274
309 79
361 204
496 99
476 437
64 308
37 390
299 522
290 154
15 186
242 70
441 462
276 47
151 532
258 479
342 177
248 438
327 435
115 97
356 134
160 186
83 378
353 86
508 498
497 413
199 400
264 331
100 444
335 533
100 114
492 272
413 404
484 206
266 111
32 442
240 390
538 180
2 421
187 350
401 42
248 391
486 438
412 367
500 451
514 370
346 157
12 387
370 360
355 123
237 363
211 242
474 132
10 538
154 102
521 209
399 492
404 361
44 114
292 183
504 129
458 159
250 335
205 421
66 229
56 189
347 345
142 274
427 340
18 56
177 516
78 146
254 328
234 201
9 526
550 144
132 378
274 337
39 417
50 328
422 263
300 12
412 495
382 25
448 12
433 435
107 427
527 136
408 156
187 116
205 266
63 189
236 490
149 253
198 356
289 419
215 60
88 139
414 481
407976
791020
679787
879827
106617
248173
384110
607945
184616
240154
226909
545647
340530
636069
533769
693724
753306
428007
24965
605704
856038
102555
264810
322001
424226
883424
105494
396921
440732
641019
317865
473062
336550
771346
613959
944609
106840
98354
361112
422295
958667
680138
986379
844251
456479
122157
552398
323042
515189
536084
281816
823366
18166
169562
871648
518212
32459
550590
551715
397821
546658
73188
781154
290936
806127
782165
74145
400991
974120
435194
816361
356990
340553
18149
821383
381895
644366
738441
467530
496273
402172
529213
501449
134292
133016
842812
487451
528814
897325
49448
669342
869409
260235
867010
187249
971091
143170
949044
801209
712269
230699
557767
645856
954429
105952
956077
49105
972788
195456
782329
755453
848552
413740
234786
610201
154482
100940
897732
906653
659665
270922
9182
444615
229414
443477
21716
648726
850550
630880
186543
775824
196268
155041
525273
476925
837012
790674
792162
1193
929184
771891
598461
906853
287655
338310
76547
966855
128993
127634
320815
196325
751340
743457
204448
911006
139403
751298
227291
940050
88034
952200
652998
189733
283515
396488
509678
336640
190659
10527
519298
769423
356237
373929
451478
656196
157774
433547
590945
755923
932000
597099
211262
732788
208000
698099
457071
538404
49872
918609
482966
366436
438613
517498
844858
830968
517242
331810
730056
397545
154123
203013
952079
70724
697274
180130
395010
10585
850270
422394
394362
659965
99567
38742
748210
841289
612044
790590
574474
360280
265845
178307
27844
702348
511889
591606
305802
342090
102569
61230
616550
43193
462507
983942
952328
804231
344488
448924
242883
638949
807638
78868
797840
281542
956687
803795
547210
574435
367632
498436
702193
104698
303419
105366
635752
834955
95701
519356
15926
994777
357321
186924
904648
155183
221795
598177
916589
43353
388629
358873
114265
97510
646710
707799
999651
335981
781246
356130
303815
323013
733452
575684
65764
63307
951200
223692
62207
956767
832417
372941
358975
722535
712024
165597
573615
375243
650675
145110
30399
297976
221891
652056
466498
829790
228031
501317
728945
975026
189182
112516
342631
106860
662784
274431
68900
156873
983462
42725
208139
954954
735286
13544
573219
346164
709912
468351
584409
650510
371548
320486
108348
674278
254833
990618
902336
392012
492143
538845
216764
332053
392847
20472
875564
542170
479853
250419
195312
451574
447053
893663
701899
829387
221267
964237
202340
700926
588873
392020
334344
298999
570333
805584
77798
973090
334432
149405
686482
936752
750472
528864
708611
816983
590127
238526
34581
132429
556050
79458
365128
675537
858003
445884
411711
401699
238072
311613
775553
123975
859369
182300
333499
300614
484086
5204
269757
784236
63887
757795
454456
311179
525449
292620
144583
112375
767904
779734
224227
850312
473775
126347
287468
378587
37754
288763
158567
671761
719013
353334
94715
999694
726522
521301
44787
456955
716839
51506
160703
359365
290173
688939
438195
602332
546611
247651
512006
369973
734817
187969
285524
391944
604421
225071
849693
997842
178625
189980
359812
752149
193755
499706
172689
599763
508155
978433
203695
522519
407345
156586
16110
95660
100141
990325
207682
690147
336388
989732
750978
788689
26930
509054
12266
439055
821331
515021
117402
857720
425768
738911
611029
675503
271896
15625
360450
857687
634797
235871
691183
749784
839827
485373
54281
277537
533404
18690
285797
952608
206206
485583
172538
680140
67539
643341
823460
753308
495897
862948
428835
137164
938736
863109
780442
263455
966686
954913
670865
336088
907854
572015
275507
409600
571149
991786
864400
429284
291468
821521
599068
720532
612961
72805
684014
567012
294405
796526
578435
983663
919575
826295
751288
451535
604504
893773
947219
483110
953261
164356
873019
386584
48864
734578
354043
819983
885535
226097
341060
675445
832060
530146
539240
404670
384491
103397
563679
211740
839879
352610
52677
149960
787469
530051
295834
881472
873568
598583
336065
254403
953923
214193
172418
55382
826466
518374
760584
186243
565258
949523
880803
573077
664044
482997
549255
528478
944926
787855
718860
202545
432665
775464
490860
352040
616444
855370
288008
107870
825544
501379
218851
802614
901986
951208
792933
566995
445780
281805
117913
568222
927309
810639
119983
148419
728732
745867
20859
826420
380281
445411
460597
818277
303420
481856
184823
900686
650787
345291
98754
211372
427344
886194
947385
916608
294345
171049
616356
611150
515575
401639
419694
462175
753960
763365
98664
249472
469453
431778
462532
338369
372860
479202
147098
290614
566190
452074
379238
219450
825410
462918
986376
389287
115065
535107
473731
403615
998776
687733
801023
895943
368074
43634
805128
895174
71259
132501
391628
644298
376702
606524
7840
925891
848807
823179
896700
480359
935217
37287
365946
971692
126426
943931
96411
464017
724546
732150
858754
634389
770352
137035
519671
951230
161229
2608
333413
138068
17959
679328
907869
279203
151983
899481
583313
952572
908539
298526
809433
619189
881029
734198
906034
195621
619818
702315
428922
309161
433707
419276
698037
350625
349744
783787
639691
194163
292800
509856
885511
476103
554571
470468
447578
49354
802144
827319
129878
829164
412599
839195
487284
727777
277800
475927
549518
296420
418802
55637
387685
652783
434869
236995
441692
373956
651896
681878
141179
412775
306020
811074
778862
889185
463367
816323
50819
675647
545106
84952
832239
853713
108891
524611
772042
103340
112412
435402
282894
181225
847602
950649
907228
753763
516703
192797
328824
896893
61000
194442
407880
475033
696952
653911
796120
953506
835931
492573
903129
827843
64004
414459
82205
953325
210535
354197
232924
606677
33632
254800
398003
451828
150442
90263
5984
791046
518953
247002
875079
937675
655841
924489
387120
234569
459708
284061
578439
616200
970888
776848
593690
710421
60342
219808
355423
167871
305500
825489
35499
403933
253748
914408
172284
175238
4123
228528
294768
89047
906579
730808
610507
332337
46017
620499
171701
42936
315760
900054
941242
195285
668876
219422
308040
767733
90152
501256
301877
166280
381497
679735
941622
614082
712472
314578
606633
662302
620100
650307
759244
117654
261149
637305
886915
812
953835
209190
708950
237349
357525
329474
718321
928840
712170
356102
344419
396899
756635
728306
848095
504774
928190
963592
924158
436038
847565
435598
269434
721852
806245
978576
42996
426691
629512
297692
365424
201150
119964
148100
189972
136656
433578
705311
307052
167649
319455
60872
953897
107807
906766
610270
935006
368699
998828
160130
745025
796136
824146
403229
645232
988448
774015
530967
197225
969695
654867
897697
172432
529574
492117
589356
529326
627193
218287
695279
442924
826081
727789
480293
885532
555818
110977
874828
780080
572454
824897
574184
795137
85929
338151
455998
753226
529099
458384
479577
574570
296489
64255
350472
837989
178596
679895
56030
819812
318752
818404
399601
781488
222150
541202
262940
874043
959811
732660
973117
258711
268615
943231
139703
160125
908039
587469
236017
176264
945596
652762
625685
353335
618785
726282
292562
103150
100920
536673
700250
74294
773958
35402
96741
349176
852114
898449
653677
508614
200555
858600
825456
39251
46175
327141
710641
456373
817860
9858
239990
318890
755827
841245
850443
599120
711816
77046
346174
981612
489059
897460
754145
836388
602602
656287
825292
576133
517637
825575
977304
200190
755168
561244
981285
95394
475757
95412
962772
220330
512351
28616
528142
571249
819760
202583
729659
617398
270940
726978
729804
181662
681060
33742
628018
377199
109132
867813
281828
197846
682205
395798
736925
21601
569956
767504
102748
579078
244657
897578
717282
133915
354265
823327
920888
628892
786356
769994
660902
215592
202463
46638
967292
942403
160379
329649
521229
564054
485229
940636
472175
869867
729372
602396
548285
416561
863798
193284
673750
463998
181739
819657
940891
766344
397040
108229
220276
74603
351742
754997
445387
764646
587024
35707
150031
972126
879721
56668
393267
860697
711627
417986
416621
327684
540737
293179
848951
716078
1110
540089
614609
611146
359580
351313
3965
734001
839590
95676
763074
153054
488590
674456
255274
490096
781808
322919
994564
641004
740652
115343
250787
843512
754600
697625
830044
66977
725260
719603
287436
331094
233541
73006
474767
736043
705347
254848
967562
573335
800890
852483
60387
897910
925796
223476
568068
570247
223933
293300
75867
75439
855750
551691
922204
976244
144004
162912
765502
983107
37438
504066
301306
432747
958274
460771
883600
23392
291616
52696
525761
515449
996269
463834
965398
295665
828737
660743
428759
746986
237817
833762
659605
30886
741303
651599
705185
933580
231453
211608
872338
88105
955158
57898
539075
333676
459725
710232
615954
414121
270963
765336
870691
740247
770109
771137
730971
896338
668068
423187
56677
874905
35172
427631
480688
55761
768061
268443
784623
339136
95925
870591
461784
375699
749268
101802
438310
172249
294950
297486
333975
511046
232381
107840
16238
253425
354092
244921
210290
719190
674701
318616
849389
503252
358460
638109
95726
98224
677722
495407
101640
384017
896395
894103
23313
919490
803320
788931
389347
941299
490190
647492
296158
836983
262908
198992
412708
816840
834425
50305
238172
56063
511996
493012
640880
744796
968579
173931
239630
124740
775501
636747
775659
273725
388127
792607
93563
618804
707970
225267
346107
131768
700803
461754
939175
27517
533426
946569
463236
46874
926436
174169
536728
184395
410802
786953
828716
116016
673528
663833
534545
439948
868630
851184
362456
68294
311986
545815
805528
514539
395891
920508
215340
703722
178439
521713
230579
765399
840031
952938
294415
836457
232686
490690
973542
846908
583662
571830
923171
955088
619483
74728
940790
203016
778741
828253
14224
489644
99522
696960
761384
182247
748682
529757
143609
471817
287514
270695
898049
493510
837249
158643
243843
994677
468502
761338
110790
546450
970480
462811
452884
553084
196396
228055
498621
300472
538475
17683
995793
954285
491601
385625
126889
502950
891719
722583
295839
137939
988730
457374
200017
861832
419418
358692
536418
607100
43804
827523
975993
607627
300152
765753
829824
830133
517676
574310
426534
793181
194871
399952
877405
409547
952542
511522
438685
503082
255723
604968
658719
516746
519337
717717
958563
829663
626409
75582
476971
355648
608384
450717
164094
984169
254407
903182
33445
753530
424090
258645
863089
342262
747801
650198
182131
948229
932266
214235
444419
63602
966069
944786
298874
601069
32742
607757
563192
305162
868975
329728
515806
260416
764803
796038
444373
66219
562140
730076
90437
177867
901942
957028
252191
8579
117202
490724
385812
775835
476980
778821
938971
469182
195301
73428
977583
398204
184241
763460
94159
473033
961514
643626
699580
454140
261156
559424
379070
774738
905079
537891
947487
910568
435520
556372
441455
969604
237408
854842
655039
534349
712892
734111
797094
924494
486843
725999
728702
159224
139
999036
809896
48797
314780
37693
511364
247861
441827
905994
61178
434332
237528
796321
598516
548050
527481
441700
874785
802618
995589
497625
916532
687452
428034
266857
362786
615907
660727
41249
895400
149600
102963
692276
696323
893445
1412
936119
30582
65322
247552
273508
794696
224139
790400
247640
248387
897736
276832
307284
108853
619556
649792
28672
176947
295175
297734
905891
834577
489916
162074
12460
511532
845812
711657
657389
979104
238849
981282
232218
965714
668379
830076
859854
832552
599838
808942
70599
956555
39626
764213
796325
202220
612354
988882
10415
781116
177742
626441
936270
749107
23833
36323
421903
305610
320692
997933
239397
62208
720593
519671
91941
814297
546312
130134
393737
511514
416854
618402
847598
571407
748376
863160
570326
453381
278293
78266
536038
59408
555058
540298
788520
563078
455099
634259
811979
667970
243360
664320
510686
462306
570549
961794
343129
608522
395442
459342
974740
440991
999793
336924
175437
217932
653171
818154
272487
498880
100251
739576
393382
389422
505521
376521
780468
780364
711905
321064
546910
327125
719417
915296
623639
357895
715246
253123
733620
362277
639512
856740
106159
117622
400689
547933
734821
2692
786842
855306
273368
542814
124694
230860
966637
745046
121933
421191
342639
632260
224331
996708
103562
607873
159806
227983
617873
782061
513723
222522
251128
333226
138682
666713
920347
601695
136789
562276
573429
726966
745805
219096
863594
479965
510725
115574
559997
20233
351621
593411
792858
462766
18873
91910
296974
205960
637359
417613
613002
814998
699805
684392
192677
826202
992984
313644
436950
713562
903645
705137
499069
595618
562893
684757
733531
674303
46633
459127
233942
738053
287386
470204
852598
822923
267435
666510
185963
319082
886733
543192
906820
813505
989010
115020
836921
258740
29811
400093
13794
546280
382346
287365
272382
893512
834520
980415
239341
53379
440704
566734
292662
759692
909322
646965
257794
187801
447330
216765
810975
93797
882455
227314
684478
923310
951388
972326
382582
710264
607369
190508
121343
629256
395547
216094
861111
243625
593520
946840
686048
304874
997580
245627
185887
931934
633943
733483
988095
592090
246877
835281
230828
469627
941133
721626
694649
111966
884346
765366
206619
405670
843996
221978
215723
506362
398928
252990
960360
963588
501844
697439
782386
774451
392780
251903
795792
984889
84865
292384
168683
928910
401564
694604
969617
334955
586415
423312
380660
590736
616108
50365
442216
907967
581548
17126
476456
965246
538857
14244
86993
709145
559557
622165
91557
375197
930945
650968
186761
572703
678598
998995
99016
396787
857888
887342
536975
854709
229245
260309
749358
876292
927731
914361
466333
442049
872823
662160
777717
389845
914535
68881
743474
797928
330305
125369
646008
809259
29418
780808
466443
40143
362472
59460
453397
466827
834983
876981
846244
240986
717048
469864
145770
565242
131021
979116
444923
247214
174335
839640
622802
567806
705097
516675
606540
369266
621514
498698
459819
342298
251014
157710
826325
393929
