20 100 30
51 1945 692 489 2772 302 989 2395 273 716 834 1466 2792 137 684 1170 2491 1253 272 1319 
1 2
2 3
2 4
4 5
3 6
6 7
7 8
2 9
1 10
6 11
6 12
6 13
1 14
3 15
13 16
2 17
4 18
15 19
18 20
4 12
16 19
2 7
14 8
15 8
7 17
8 4
12 2
6 15
15 3
9 4
5 6
8 17
12 13
20 1
8 12
4 5
10 4
12 8
5 4
9 14
4 19
3 7
7 18
12 19
18 16
20 13
3 3
1 5
12 16
18 18
7 10
6 4
12 10
10 1
20 7
19 18
15 1
17 16
17 15
17 15
13 13
12 19
6 2
12 17
1 18
10 13
18 12
13 18
14 10
1 5
5 8
12 6
1 10
13 7
19 8
2 9
8 9
20 8
10 3
8 15
16 16
16 18
16 14
3 15
16 11
1 17
11 20
10 6
4 14
12 15
3 2
15 19
15 13
9 10
16 15
14 9
13 13
2 4
13 20
8 2
23444
13441
16393
11531
47041
23220
7618
43378
53802
234
13552
22167
37581
10223
28570
48516
52411
5448
35837
8981
59260
47020
2856
52541
56201
34822
10624
19487
54480
32245
