5
50
1 2
2 3
2 4
3 5
5 6
4 7
1 8
6 9
9 10
5 11
6 12
4 13
9 14
14 15
13 16
6 17
6 18
17 19
4 20
6 21
16 22
21 23
9 24
2 25
4 26
24 27
26 28
18 29
8 30
11 31
29 32
15 33
25 34
16 35
26 36
4 37
34 38
38 39
28 40
2 41
31 42
32 43
29 44
18 45
30 46
29 47
18 48
21 49
41 50
291 367 223 311 760 298 617 361 940 774 194 85 315 193 728 721 79 588 6 324 276 319 885 715 52 219 358 549 124 735 121 665 589 347 25 586 172 96 758 530 915 518 778 500 942 28 756 456 406 308 
1
50
1 2
2 3
3 4
3 5
4 6
5 7
1 8
3 9
4 10
5 11
2 12
1 13
8 14
10 15
15 16
14 17
3 18
15 19
8 20
17 21
12 22
18 23
23 24
24 25
19 26
3 27
8 28
8 29
2 30
2 31
31 32
29 33
19 34
16 35
8 36
6 37
17 38
27 39
7 40
11 41
40 42
5 43
16 44
36 45
43 46
21 47
30 48
35 49
42 50
428 467 866 801 716 789 312 804 240 195 54 168 962 695 67 478 611 195 502 276 971 656 563 508 234 272 412 571 642 964 333 643 66 879 191 570 989 10 318 656 281 926 187 317 8 757 347 976 602 737 
1
50
1 2
2 3
3 4
1 5
4 6
1 7
3 8
3 9
4 10
7 11
11 12
9 13
8 14
12 15
11 16
5 17
8 18
8 19
12 20
12 21
4 22
21 23
7 24
16 25
20 26
6 27
9 28
26 29
13 30
13 31
14 32
32 33
26 34
18 35
5 36
15 37
24 38
26 39
31 40
27 41
2 42
9 43
40 44
17 45
42 46
10 47
41 48
29 49
48 50
856 680 80 569 892 527 100 185 748 435 102 22 122 153 978 452 203 855 97 455 281 369 589 633 620 733 808 429 484 318 734 24 521 437 726 883 164 451 37 762 171 400 995 208 568 927 675 881 186 560 
1
50
1 2
1 3
1 4
2 5
1 6
5 7
6 8
5 9
9 10
7 11
11 12
8 13
13 14
1 15
8 16
5 17
16 18
9 19
12 20
13 21
18 22
6 23
20 24
12 25
11 26
5 27
19 28
10 29
3 30
11 31
30 32
9 33
22 34
7 35
25 36
20 37
36 38
32 39
38 40
14 41
14 42
23 43
26 44
35 45
12 46
12 47
4 48
36 49
3 50
437 871 655 296 198 809 545 827 582 47 631 98 314 402 807 928 384 366 868 171 980 373 331 342 951 242 237 399 148 318 207 513 609 270 173 771 572 2 811 167 563 503 2 4 899 391 353 77 554 316 
1
50
1 2
2 3
2 4
3 5
3 6
1 7
3 8
1 9
6 10
9 11
10 12
11 13
3 14
6 15
9 16
9 17
13 18
2 19
3 20
2 21
20 22
17 23
2 24
13 25
1 26
16 27
20 28
11 29
13 30
30 31
18 32
2 33
24 34
15 35
20 36
4 37
23 38
34 39
22 40
33 41
31 42
33 43
15 44
33 45
2 46
25 47
14 48
6 49
3 50
652 122 1 560 546 68 921 665 641 564 155 42 761 403 985 942 325 92 872 89 403 993 658 207 760 308 538 326 474 679 947 376 173 37 217 410 703 22 781 879 468 727 854 190 722 863 811 303 645 580 
1
