5
300
1 2
2 3
3 4
4 5
2 6
4 7
5 8
3 9
6 10
2 11
1 12
4 13
12 14
13 15
9 16
15 17
11 18
7 19
13 20
9 21
11 22
17 23
6 24
4 25
18 26
25 27
5 28
3 29
14 30
7 31
7 32
1 33
30 34
22 35
8 36
13 37
26 38
34 39
20 40
1 41
36 42
27 43
28 44
3 45
14 46
16 47
4 48
35 49
18 50
4 51
13 52
38 53
24 54
17 55
6 56
11 57
9 58
51 59
16 60
48 61
32 62
15 63
55 64
15 65
39 66
33 67
21 68
25 69
67 70
15 71
71 72
2 73
1 74
9 75
46 76
19 77
45 78
21 79
2 80
77 81
21 82
63 83
8 84
83 85
17 86
33 87
87 88
9 89
38 90
57 91
30 92
1 93
23 94
16 95
79 96
70 97
15 98
81 99
94 100
28 101
3 102
23 103
70 104
87 105
5 106
5 107
98 108
100 109
74 110
59 111
53 112
52 113
112 114
49 115
98 116
30 117
112 118
17 119
94 120
23 121
68 122
67 123
77 124
71 125
13 126
64 127
102 128
79 129
26 130
116 131
71 132
1 133
37 134
35 135
76 136
128 137
119 138
123 139
3 140
125 141
30 142
106 143
57 144
97 145
38 146
57 147
133 148
16 149
12 150
142 151
148 152
117 153
143 154
67 155
153 156
42 157
114 158
124 159
115 160
147 161
113 162
5 163
106 164
70 165
73 166
161 167
94 168
133 169
101 170
147 171
61 172
40 173
92 174
16 175
115 176
44 177
131 178
82 179
149 180
65 181
94 182
89 183
69 184
99 185
134 186
146 187
20 188
126 189
99 190
37 191
15 192
56 193
7 194
123 195
123 196
25 197
104 198
66 199
145 200
158 201
115 202
92 203
96 204
135 205
179 206
88 207
88 208
205 209
46 210
178 211
6 212
52 213
1 214
213 215
134 216
176 217
108 218
59 219
61 220
167 221
206 222
8 223
45 224
6 225
218 226
77 227
143 228
23 229
55 230
115 231
130 232
98 233
63 234
130 235
100 236
215 237
138 238
221 239
139 240
124 241
203 242
25 243
34 244
139 245
166 246
38 247
60 248
62 249
206 250
137 251
207 252
12 253
237 254
137 255
33 256
71 257
135 258
123 259
157 260
12 261
81 262
46 263
19 264
51 265
53 266
203 267
144 268
92 269
209 270
75 271
34 272
80 273
145 274
15 275
160 276
96 277
89 278
96 279
170 280
219 281
67 282
86 283
205 284
50 285
14 286
268 287
79 288
257 289
273 290
92 291
241 292
200 293
176 294
172 295
205 296
191 297
111 298
239 299
11 300
84790 77348 49686 40897 51399 97024 17895 73193 87026 35267 73946 62095 74681 81366 23910 87648 44903 4551 52102 81483 98023 83655 66329 72548 8171 78765 82400 962 3270 8433 98308 72929 85650 66737 44333 91073 28459 94959 22443 58085 61425 76624 54833 36564 40362 42335 16022 94107 43742 8264 21202 1642 45722 28030 40359 7570 7245 22454 40949 32142 56494 65833 76804 23 43508 88278 72702 25805 53468 93181 65458 853 39431 55718 58067 44022 15481 25784 69975 25307 51611 84802 32665 27444 66618 62997 23639 18293 41094 10983 2260 10933 99764 62322 58007 12400 47804 65235 62858 14406 11420 65036 63132 47994 61459 37667 53567 39220 86758 5089 85643 62303 45119 8435 99961 66187 32809 89132 7081 71148 95477 62177 5309 10265 47096 5867 69083 85582 58923 57289 28399 98827 27114 20220 903 75059 13333 16713 42069 47725 53682 9850 8433 7847 26601 24317 73044 85358 85638 67139 46878 9047 7226 4867 18192 24825 90747 93429 75315 64272 17184 36887 39215 59132 92902 99307 69557 61312 2701 83447 8150 82468 77564 4388 89097 99475 21785 99359 30921 92317 95569 99291 42996 63958 78454 98701 21710 94773 11964 43727 76764 5943 32091 5533 17961 10105 58992 53819 79941 31489 99036 57517 85312 94486 75940 9246 71283 63651 43759 11482 67064 29081 81867 29939 17165 96906 80456 14335 98614 40206 53819 19257 96888 73345 85788 77436 83646 73635 34089 98859 55607 24727 17281 11404 76245 72933 84714 39624 89392 97784 91147 2188 49730 77600 38707 10475 3817 56209 64528 78650 47816 52163 39384 22323 70213 73072 20548 79571 67980 82617 93872 86011 41867 98529 12252 15635 65269 85264 52494 16066 30591 28401 2446 42039 39622 56180 34537 27076 15622 61069 94606 78653 11940 65396 93684 99069 3846 33475 76690 26146 89973 40827 81509 55788 60578 24799 22606 51746 53374 18935 
3
2
300
1 2
1 3
3 4
1 5
2 6
4 7
7 8
6 9
6 10
7 11
4 12
10 13
11 14
8 15
8 16
5 17
10 18
9 19
18 20
20 21
8 22
4 23
18 24
14 25
23 26
7 27
12 28
20 29
14 30
17 31
19 32
1 33
11 34
4 35
17 36
32 37
37 38
38 39
18 40
10 41
9 42
18 43
1 44
13 45
27 46
36 47
7 48
25 49
12 50
24 51
25 52
29 53
7 54
7 55
50 56
1 57
22 58
45 59
10 60
49 61
19 62
30 63
24 64
26 65
29 66
30 67
63 68
59 69
53 70
52 71
40 72
72 73
41 74
50 75
18 76
70 77
29 78
16 79
2 80
49 81
59 82
29 83
75 84
33 85
13 86
12 87
47 88
58 89
16 90
12 91
7 92
12 93
77 94
78 95
45 96
11 97
64 98
46 99
54 100
63 101
24 102
43 103
45 104
102 105
96 106
8 107
46 108
60 109
2 110
56 111
49 112
20 113
111 114
78 115
98 116
46 117
21 118
10 119
40 120
24 121
18 122
75 123
82 124
80 125
115 126
14 127
65 128
122 129
99 130
125 131
17 132
58 133
71 134
44 135
84 136
61 137
113 138
28 139
29 140
129 141
2 142
46 143
2 144
74 145
79 146
52 147
110 148
42 149
120 150
93 151
69 152
27 153
3 154
35 155
21 156
63 157
41 158
117 159
101 160
49 161
75 162
154 163
93 164
126 165
165 166
37 167
87 168
62 169
21 170
3 171
40 172
116 173
155 174
16 175
50 176
139 177
33 178
86 179
163 180
83 181
97 182
88 183
33 184
155 185
14 186
92 187
167 188
168 189
89 190
54 191
40 192
54 193
100 194
79 195
67 196
174 197
128 198
154 199
172 200
111 201
95 202
190 203
201 204
53 205
154 206
205 207
119 208
159 209
25 210
53 211
65 212
160 213
143 214
75 215
87 216
24 217
147 218
86 219
95 220
219 221
136 222
160 223
6 224
83 225
150 226
55 227
30 228
138 229
195 230
193 231
161 232
210 233
175 234
110 235
208 236
96 237
149 238
17 239
50 240
174 241
68 242
192 243
121 244
12 245
175 246
155 247
89 248
218 249
232 250
188 251
187 252
72 253
17 254
52 255
21 256
78 257
133 258
198 259
212 260
229 261
137 262
152 263
187 264
150 265
129 266
46 267
105 268
9 269
188 270
82 271
176 272
192 273
86 274
19 275
255 276
77 277
115 278
56 279
193 280
33 281
251 282
58 283
57 284
123 285
137 286
122 287
101 288
177 289
122 290
236 291
165 292
89 293
254 294
6 295
178 296
50 297
290 298
131 299
40 300
12155 2240 29860 80821 83888 93803 67696 95476 46867 98337 14242 9548 91304 13724 41174 56645 52710 90799 33022 10937 27287 82140 63839 79316 83164 20477 96114 2330 13766 73276 39524 49344 1758 26426 74806 56338 14367 66060 19934 79372 19958 69721 5125 35393 43497 69693 33415 74455 70157 35241 19062 31400 17326 61537 19511 14051 74635 15293 55298 95145 79287 25577 11014 33425 47353 71333 86468 21668 43565 6789 62800 76833 84993 81426 68371 2938 22361 69351 33803 53590 94091 94613 41641 11469 89764 13152 65105 36335 58433 5535 73790 49597 28758 93568 12732 13710 97195 54529 69868 61963 62330 5208 91268 81396 62899 72813 23436 59257 15128 5659 66530 85666 9121 55538 91255 20071 20857 44439 13840 8760 13854 16034 4005 65526 25829 48320 79749 76344 81236 40751 91856 15208 96231 92613 45852 996 70956 21417 849 22365 52807 15351 93901 25883 21550 59168 38272 80663 30701 64808 17105 41151 70755 743 30808 48053 37795 12041 18017 43888 38677 56622 15631 57562 59827 7402 14231 63633 46508 17478 2017 64806 55396 16797 99979 40449 97874 66720 38725 87579 59393 30834 80758 46914 59247 44365 39381 78905 28305 30331 55249 18837 65005 23358 24458 92545 80382 66153 44213 60891 65012 5764 99228 88181 21137 99308 30716 8277 69869 95632 53925 40565 54131 93749 63550 94051 82082 852 38302 19746 48301 1687 39220 7400 10172 76639 74175 47134 47049 30977 63607 69891 98275 228 2947 41321 11854 37732 68480 30038 38496 39890 48960 24900 5893 35538 69641 21442 29245 71324 23506 97457 43321 20892 46761 70247 60610 4914 89872 66672 45266 2098 63739 24040 29113 78404 27284 91362 9369 79558 42808 35524 84650 56997 25271 73096 76535 49256 52119 13437 78079 26085 92817 37540 31540 70026 9299 71764 6400 60213 83868 78135 96955 41628 97827 67690 53046 55943 64593 52672 
3
2
300
1 2
2 3
3 4
4 5
3 6
2 7
3 8
8 9
5 10
3 11
9 12
6 13
1 14
9 15
7 16
2 17
10 18
1 19
13 20
7 21
10 22
3 23
5 24
22 25
18 26
24 27
1 28
28 29
3 30
8 31
30 32
29 33
23 34
29 35
19 36
21 37
30 38
27 39
21 40
30 41
33 42
12 43
9 44
34 45
34 46
22 47
11 48
3 49
33 50
17 51
31 52
40 53
44 54
23 55
2 56
49 57
27 58
33 59
57 60
42 61
13 62
35 63
48 64
36 65
44 66
20 67
53 68
16 69
4 70
1 71
36 72
40 73
39 74
46 75
4 76
71 77
50 78
2 79
13 80
33 81
67 82
53 83
56 84
79 85
84 86
32 87
13 88
60 89
62 90
76 91
41 92
28 93
2 94
28 95
87 96
60 97
15 98
46 99
40 100
6 101
56 102
89 103
19 104
54 105
78 106
92 107
101 108
93 109
62 110
62 111
22 112
36 113
97 114
41 115
13 116
9 117
104 118
101 119
29 120
22 121
115 122
3 123
50 124
58 125
8 126
7 127
106 128
13 129
66 130
57 131
69 132
70 133
109 134
20 135
115 136
22 137
35 138
131 139
114 140
54 141
93 142
18 143
124 144
133 145
25 146
144 147
98 148
109 149
143 150
50 151
36 152
95 153
51 154
91 155
129 156
117 157
101 158
47 159
65 160
63 161
84 162
95 163
115 164
88 165
45 166
10 167
20 168
98 169
90 170
154 171
64 172
60 173
28 174
144 175
68 176
59 177
100 178
119 179
113 180
47 181
95 182
115 183
76 184
64 185
131 186
20 187
20 188
12 189
48 190
39 191
25 192
123 193
30 194
122 195
189 196
148 197
151 198
32 199
180 200
25 201
158 202
190 203
151 204
167 205
201 206
189 207
60 208
206 209
140 210
193 211
171 212
12 213
88 214
167 215
191 216
128 217
122 218
18 219
58 220
216 221
130 222
205 223
218 224
40 225
213 226
195 227
13 228
179 229
97 230
50 231
198 232
148 233
86 234
210 235
10 236
77 237
205 238
213 239
155 240
103 241
28 242
1 243
124 244
107 245
243 246
222 247
100 248
7 249
191 250
138 251
249 252
11 253
103 254
231 255
8 256
46 257
129 258
189 259
234 260
208 261
139 262
38 263
189 264
194 265
49 266
90 267
13 268
132 269
133 270
130 271
35 272
109 273
115 274
250 275
227 276
224 277
32 278
218 279
205 280
54 281
8 282
266 283
248 284
275 285
151 286
215 287
100 288
214 289
87 290
171 291
10 292
211 293
19 294
249 295
46 296
251 297
260 298
76 299
29 300
11323 76107 90293 8892 25316 94749 64287 72589 36695 71608 60005 40100 54785 20774 49781 96826 71793 93522 53696 78542 60539 38349 89596 36483 61718 32300 48227 33153 96414 90312 97650 74256 18514 67293 98635 58912 83895 27531 5235 57444 30003 39480 58293 12594 74099 97932 68093 87557 94598 38739 78622 27707 13088 77407 19340 8823 70200 11043 78499 10816 36554 98905 83966 59360 96117 18685 9441 84966 35198 90704 67855 31461 4044 99926 93941 6258 23946 25304 63229 69098 59720 20227 96316 21994 85241 21543 10629 12309 33911 37560 61043 34162 35003 69713 87875 85770 47909 58732 54231 85198 314 17323 59092 9776 47968 74130 40325 35685 94372 52395 18518 95049 90870 42849 98298 95835 99911 71173 55877 75229 83953 52972 72755 35957 16399 95886 52703 52431 83073 1545 18989 30329 29386 2268 96897 6085 12817 61581 68869 64330 77443 34051 70055 82595 39184 98829 88792 80015 59945 32057 18382 40207 15016 82301 10595 74188 41864 1330 43540 3758 38153 42804 26179 18501 61550 18724 15382 99364 78751 48998 60246 41249 19687 43490 42928 77975 35670 93031 26551 32677 71840 46436 48735 73388 76316 64973 16996 90676 77862 44732 27426 20647 46045 29389 43738 35156 45254 61569 65267 63182 54984 26813 51414 53611 7502 20904 74993 98374 392 75855 66678 75549 29386 94660 59417 57523 11659 60475 5333 34350 1863 91821 60391 38459 12222 31573 21233 87430 36051 54805 87961 76514 70798 99858 66567 59527 87418 30451 47819 97390 46311 92294 15349 43063 97321 2556 35483 31588 37495 82824 68854 56091 56621 2979 94821 65192 9707 5227 68424 62457 84084 76959 43239 31040 77232 16741 17257 55221 18730 77861 82845 8561 49970 19851 36724 15123 20252 50473 5765 5503 81279 84146 88168 95770 26967 416 3099 50928 42276 78863 91360 91151 94025 17568 56157 53161 5262 73239 85850 13461 
3
2
300
1 2
2 3
3 4
1 5
2 6
3 7
2 8
6 9
9 10
3 11
11 12
11 13
5 14
4 15
13 16
2 17
8 18
15 19
2 20
20 21
14 22
19 23
20 24
21 25
4 26
16 27
7 28
7 29
6 30
17 31
16 32
12 33
14 34
34 35
12 36
27 37
11 38
21 39
2 40
26 41
23 42
34 43
5 44
10 45
33 46
6 47
10 48
23 49
8 50
22 51
36 52
23 53
15 54
9 55
28 56
43 57
43 58
44 59
54 60
43 61
48 62
50 63
31 64
39 65
24 66
30 67
14 68
3 69
38 70
11 71
6 72
53 73
25 74
67 75
70 76
60 77
3 78
32 79
42 80
67 81
51 82
3 83
11 84
70 85
84 86
1 87
1 88
61 89
10 90
4 91
46 92
90 93
23 94
63 95
10 96
79 97
22 98
34 99
28 100
17 101
12 102
82 103
75 104
79 105
7 106
101 107
9 108
78 109
20 110
22 111
31 112
49 113
19 114
102 115
24 116
56 117
19 118
9 119
25 120
56 121
110 122
7 123
109 124
41 125
25 126
94 127
54 128
12 129
128 130
91 131
129 132
24 133
118 134
40 135
36 136
127 137
90 138
115 139
67 140
132 141
138 142
116 143
119 144
7 145
85 146
107 147
37 148
134 149
39 150
94 151
89 152
23 153
8 154
43 155
56 156
24 157
64 158
157 159
6 160
69 161
22 162
121 163
56 164
72 165
124 166
4 167
75 168
117 169
82 170
129 171
7 172
149 173
16 174
164 175
155 176
29 177
127 178
140 179
94 180
111 181
34 182
170 183
118 184
64 185
1 186
64 187
141 188
70 189
148 190
131 191
53 192
99 193
5 194
44 195
88 196
119 197
55 198
127 199
31 200
146 201
114 202
169 203
194 204
166 205
98 206
106 207
156 208
124 209
20 210
147 211
42 212
117 213
164 214
159 215
135 216
115 217
212 218
206 219
154 220
91 221
28 222
192 223
42 224
77 225
193 226
78 227
186 228
174 229
66 230
133 231
161 232
126 233
35 234
91 235
181 236
222 237
11 238
57 239
165 240
140 241
187 242
128 243
119 244
16 245
36 246
11 247
160 248
105 249
95 250
15 251
105 252
8 253
174 254
25 255
65 256
108 257
175 258
69 259
205 260
88 261
236 262
168 263
152 264
233 265
231 266
167 267
121 268
54 269
89 270
209 271
216 272
228 273
207 274
89 275
133 276
225 277
268 278
92 279
230 280
114 281
216 282
27 283
207 284
253 285
205 286
239 287
265 288
40 289
86 290
162 291
44 292
250 293
288 294
86 295
107 296
81 297
282 298
64 299
31 300
9953 83574 62400 34533 45736 32901 24764 48848 66950 23074 12538 13978 85471 63811 46571 76755 99374 45748 53331 68353 90242 45555 97577 26462 15101 47573 36891 52149 47251 57537 45544 23241 37265 98992 5316 96462 45011 59860 72951 71822 5869 37645 81854 56518 55459 33557 20489 7366 70641 2933 16091 500 42980 58605 1869 62665 74654 46801 29771 29843 33430 88551 41718 89809 6934 90250 47456 11643 15932 35945 39507 53367 17273 1480 45675 31717 57557 30558 74679 89844 3241 45046 81820 43370 74115 30223 21458 2624 53798 77979 98213 96739 70247 11812 50581 76213 27889 71906 50934 84106 77441 91142 47441 71180 48299 115 55137 23639 25204 30367 37591 65501 566 63062 23511 2883 88063 6935 55768 74978 41618 86709 86120 37031 34788 46520 69638 7476 39808 20410 41382 28957 86660 84554 65232 30315 546 75308 81441 36413 4544 39287 50376 94018 51608 18837 75979 72191 70873 16903 9568 35791 43236 74751 93684 42015 75023 42627 49223 23086 91685 33905 39086 75635 73285 2645 92176 41238 13791 38005 83082 10581 70842 74694 74251 49473 85168 79636 37624 55519 68784 91934 16745 8104 16667 54871 81225 95881 35271 77510 63130 71843 14208 14247 60688 62956 1730 71752 22161 41772 31456 86445 74780 59329 70240 17484 84830 35004 99293 7314 1502 78786 91556 67548 89426 71692 39927 94431 65288 46407 79917 26592 54335 67764 16239 32476 77291 69545 83645 80034 20020 9614 58855 6164 7671 66721 68948 94026 17923 64819 4671 60079 7774 40552 27253 66497 63198 65947 96440 66069 80784 46712 11455 25425 2292 3168 19412 10257 71071 28552 61428 43075 88696 84283 97587 38923 60315 2419 80342 76223 65497 67524 17462 16203 7670 39634 43811 24302 73898 65045 31455 86268 69665 51932 27039 65786 51675 74023 49006 517 89420 25963 61386 74507 51197 7314 29252 95664 18313 43129 
3
2
300
1 2
2 3
2 4
3 5
1 6
1 7
2 8
1 9
3 10
1 11
11 12
11 13
10 14
4 15
11 16
14 17
14 18
15 19
2 20
2 21
5 22
4 23
19 24
3 25
1 26
3 27
3 28
25 29
14 30
1 31
2 32
19 33
12 34
28 35
18 36
2 37
32 38
35 39
6 40
17 41
38 42
41 43
8 44
16 45
27 46
29 47
31 48
2 49
7 50
46 51
24 52
51 53
19 54
43 55
12 56
46 57
49 58
35 59
51 60
49 61
42 62
42 63
63 64
18 65
59 66
26 67
64 68
10 69
34 70
22 71
7 72
25 73
18 74
9 75
11 76
33 77
59 78
54 79
62 80
30 81
37 82
14 83
52 84
37 85
46 86
71 87
33 88
83 89
19 90
30 91
57 92
26 93
65 94
67 95
44 96
62 97
25 98
39 99
90 100
45 101
43 102
36 103
43 104
103 105
32 106
68 107
61 108
95 109
13 110
39 111
4 112
75 113
8 114
108 115
51 116
46 117
83 118
83 119
15 120
84 121
34 122
91 123
45 124
106 125
106 126
102 127
56 128
31 129
48 130
77 131
37 132
37 133
60 134
79 135
65 136
36 137
78 138
92 139
62 140
15 141
68 142
124 143
121 144
65 145
98 146
60 147
128 148
124 149
97 150
127 151
120 152
32 153
12 154
76 155
21 156
65 157
53 158
44 159
30 160
92 161
97 162
88 163
131 164
151 165
110 166
53 167
123 168
56 169
98 170
119 171
27 172
148 173
86 174
136 175
175 176
136 177
152 178
3 179
117 180
140 181
12 182
154 183
57 184
6 185
116 186
16 187
111 188
13 189
162 190
114 191
104 192
94 193
99 194
183 195
187 196
191 197
72 198
103 199
75 200
98 201
194 202
86 203
137 204
181 205
41 206
36 207
14 208
200 209
42 210
112 211
151 212
2 213
22 214
111 215
102 216
167 217
154 218
96 219
82 220
81 221
147 222
180 223
17 224
173 225
46 226
125 227
220 228
29 229
183 230
63 231
205 232
164 233
65 234
192 235
19 236
217 237
150 238
27 239
49 240
136 241
110 242
209 243
111 244
145 245
58 246
186 247
120 248
59 249
142 250
230 251
225 252
236 253
149 254
177 255
13 256
81 257
104 258
48 259
95 260
68 261
212 262
113 263
223 264
116 265
164 266
42 267
239 268
201 269
160 270
251 271
145 272
193 273
241 274
213 275
274 276
131 277
201 278
181 279
163 280
257 281
41 282
143 283
179 284
27 285
216 286
275 287
111 288
178 289
9 290
181 291
110 292
45 293
213 294
198 295
132 296
259 297
197 298
225 299
218 300
10614 61699 1996 21983 25413 10243 3355 59448 19493 75782 17673 86023 59089 23483 14401 50525 29895 8469 81940 73840 84170 82701 80919 75321 1441 82206 55298 38903 71895 94023 65459 44779 4761 28909 53705 26586 20250 46646 1194 68175 56370 26543 35390 15766 46395 49415 10321 36481 27443 22545 23220 86471 79709 87078 54781 82656 71328 63041 51459 45002 19750 33090 89058 65000 96158 81931 89693 36797 49050 22214 67383 61909 4818 71804 42809 9981 4031 79807 47408 33734 82273 98434 5419 51942 47802 87068 94017 49783 33776 57097 16553 56342 66415 33896 80800 14021 99301 49150 83143 66921 74372 75281 64930 14028 90180 99918 49307 84701 38174 38372 63292 17451 5105 35335 37944 22542 69249 39182 72515 35550 43059 72661 36374 25242 67315 3931 63788 17954 41454 24229 70759 45661 28024 56889 26092 21364 97928 30052 58914 3189 6071 41717 68247 84497 74148 27040 17564 1694 79378 5340 73476 86038 79176 54437 49544 56918 83281 5146 57478 24671 31450 86432 34718 11033 81623 38141 46644 48235 78814 17790 79312 21605 88490 97202 81857 33750 91065 70989 37333 39990 40878 294 87203 29021 69296 1657 9090 94698 78793 46726 52207 45629 20264 9615 19082 68029 14400 53662 33369 47955 61830 71549 30885 61389 855 64956 81624 45724 68528 20911 75909 18838 30900 44141 56768 26997 67945 35314 20865 52790 98267 39805 25605 52411 65912 16563 15085 21898 99667 83611 65694 70187 5089 23200 64831 22222 14878 34226 19902 35650 57385 74244 69867 3487 21188 18864 3547 56861 45813 52943 61607 83579 73416 77153 17194 31065 79243 48363 59431 1342 51120 11796 59456 91956 28526 73799 76128 82022 38688 48788 65138 84041 62949 75662 97863 91760 12606 10095 79669 15574 64787 93648 37171 66808 97839 37137 62781 80280 83807 93335 83478 87900 24023 34729 75969 55564 15661 95346 65095 7704 
3
2
