5
1000
1 2
2 3
2 4
4 5
5 6
3 7
4 8
5 9
3 10
9 11
2 12
7 13
4 14
10 15
8 16
7 17
16 18
1 19
10 20
19 21
9 22
2 23
11 24
11 25
15 26
5 27
1 28
25 29
8 30
12 31
16 32
4 33
10 34
34 35
5 36
21 37
34 38
35 39
31 40
34 41
17 42
33 43
22 44
6 45
40 46
29 47
35 48
40 49
34 50
41 51
11 52
3 53
45 54
49 55
35 56
47 57
47 58
20 59
20 60
41 61
7 62
29 63
54 64
49 65
31 66
12 67
21 68
51 69
6 70
66 71
16 72
62 73
56 74
58 75
23 76
69 77
38 78
17 79
6 80
58 81
8 82
14 83
54 84
29 85
33 86
28 87
42 88
21 89
69 90
38 91
20 92
37 93
44 94
24 95
53 96
34 97
97 98
59 99
66 100
35 101
98 102
6 103
11 104
57 105
51 106
59 107
73 108
48 109
81 110
94 111
70 112
5 113
31 114
22 115
33 116
10 117
42 118
62 119
73 120
38 121
107 122
86 123
97 124
10 125
103 126
2 127
34 128
128 129
15 130
26 131
89 132
90 133
129 134
92 135
91 136
19 137
77 138
81 139
91 140
23 141
116 142
29 143
60 144
129 145
120 146
132 147
55 148
76 149
95 150
127 151
114 152
27 153
104 154
61 155
18 156
62 157
53 158
75 159
155 160
84 161
104 162
36 163
18 164
118 165
123 166
97 167
128 168
28 169
107 170
119 171
152 172
90 173
48 174
171 175
171 176
134 177
9 178
108 179
87 180
76 181
22 182
54 183
177 184
114 185
77 186
88 187
9 188
118 189
59 190
78 191
155 192
100 193
149 194
78 195
158 196
28 197
114 198
31 199
123 200
108 201
25 202
121 203
72 204
90 205
17 206
75 207
113 208
60 209
90 210
178 211
90 212
15 213
2 214
132 215
111 216
197 217
68 218
82 219
91 220
202 221
9 222
202 223
190 224
26 225
93 226
20 227
171 228
153 229
76 230
185 231
206 232
139 233
113 234
118 235
70 236
233 237
42 238
126 239
151 240
203 241
54 242
129 243
97 244
104 245
146 246
160 247
21 248
203 249
147 250
210 251
86 252
99 253
180 254
188 255
72 256
93 257
73 258
203 259
145 260
248 261
166 262
23 263
76 264
145 265
51 266
149 267
5 268
72 269
178 270
80 271
184 272
139 273
6 274
28 275
11 276
82 277
236 278
161 279
151 280
19 281
216 282
52 283
203 284
147 285
175 286
39 287
52 288
116 289
263 290
274 291
189 292
156 293
259 294
19 295
182 296
246 297
84 298
131 299
208 300
208 301
284 302
184 303
23 304
293 305
85 306
211 307
212 308
291 309
101 310
47 311
215 312
239 313
163 314
177 315
150 316
96 317
103 318
236 319
148 320
41 321
283 322
4 323
288 324
51 325
225 326
6 327
240 328
123 329
66 330
21 331
150 332
23 333
111 334
168 335
322 336
47 337
326 338
31 339
337 340
14 341
258 342
41 343
217 344
238 345
311 346
67 347
312 348
208 349
222 350
276 351
107 352
67 353
167 354
158 355
236 356
260 357
66 358
226 359
121 360
246 361
244 362
186 363
159 364
23 365
359 366
89 367
55 368
210 369
211 370
152 371
40 372
367 373
110 374
141 375
82 376
232 377
46 378
29 379
279 380
321 381
346 382
150 383
122 384
266 385
345 386
297 387
155 388
163 389
74 390
277 391
26 392
272 393
360 394
57 395
348 396
110 397
88 398
185 399
345 400
247 401
228 402
21 403
138 404
197 405
264 406
136 407
113 408
165 409
69 410
273 411
401 412
89 413
76 414
39 415
117 416
358 417
59 418
380 419
369 420
304 421
408 422
177 423
393 424
2 425
301 426
146 427
420 428
318 429
156 430
279 431
404 432
132 433
29 434
34 435
351 436
362 437
52 438
268 439
27 440
437 441
163 442
258 443
270 444
282 445
28 446
227 447
83 448
127 449
439 450
392 451
392 452
379 453
262 454
129 455
215 456
98 457
18 458
318 459
50 460
50 461
438 462
240 463
463 464
35 465
16 466
86 467
349 468
301 469
443 470
136 471
125 472
256 473
20 474
79 475
408 476
263 477
226 478
427 479
122 480
445 481
103 482
194 483
446 484
36 485
437 486
357 487
57 488
250 489
396 490
206 491
448 492
394 493
420 494
112 495
124 496
331 497
135 498
166 499
333 500
343 501
75 502
443 503
215 504
134 505
427 506
286 507
246 508
340 509
492 510
328 511
204 512
264 513
110 514
106 515
202 516
243 517
235 518
358 519
25 520
289 521
41 522
177 523
520 524
54 525
418 526
170 527
284 528
419 529
130 530
163 531
428 532
350 533
465 534
44 535
200 536
31 537
489 538
474 539
92 540
21 541
426 542
351 543
313 544
393 545
173 546
275 547
347 548
484 549
519 550
204 551
453 552
359 553
433 554
170 555
287 556
446 557
49 558
192 559
83 560
485 561
294 562
36 563
388 564
131 565
53 566
184 567
419 568
420 569
224 570
507 571
61 572
30 573
356 574
553 575
323 576
550 577
210 578
322 579
369 580
531 581
305 582
134 583
255 584
67 585
502 586
310 587
399 588
82 589
450 590
183 591
34 592
120 593
68 594
383 595
271 596
554 597
313 598
339 599
486 600
67 601
184 602
84 603
285 604
299 605
309 606
227 607
200 608
328 609
323 610
160 611
574 612
165 613
300 614
295 615
508 616
247 617
530 618
356 619
402 620
298 621
24 622
519 623
243 624
516 625
148 626
93 627
286 628
80 629
597 630
130 631
7 632
589 633
272 634
157 635
26 636
396 637
320 638
146 639
65 640
344 641
199 642
438 643
616 644
292 645
328 646
28 647
247 648
418 649
420 650
395 651
337 652
102 653
361 654
59 655
100 656
241 657
555 658
100 659
83 660
199 661
583 662
353 663
335 664
587 665
447 666
331 667
50 668
493 669
121 670
147 671
146 672
92 673
135 674
135 675
157 676
353 677
416 678
494 679
645 680
132 681
89 682
374 683
607 684
254 685
325 686
64 687
231 688
39 689
647 690
579 691
268 692
552 693
408 694
517 695
161 696
211 697
598 698
577 699
230 700
190 701
414 702
527 703
346 704
414 705
484 706
662 707
22 708
401 709
241 710
445 711
475 712
501 713
537 714
163 715
386 716
542 717
71 718
417 719
144 720
174 721
249 722
6 723
506 724
308 725
364 726
642 727
68 728
47 729
472 730
496 731
625 732
227 733
236 734
158 735
558 736
68 737
125 738
11 739
402 740
554 741
296 742
532 743
573 744
365 745
8 746
661 747
272 748
431 749
707 750
273 751
514 752
750 753
729 754
348 755
519 756
342 757
586 758
549 759
585 760
70 761
339 762
397 763
11 764
61 765
195 766
433 767
731 768
248 769
589 770
705 771
564 772
670 773
670 774
597 775
691 776
405 777
620 778
75 779
478 780
387 781
294 782
190 783
47 784
671 785
80 786
304 787
697 788
617 789
400 790
507 791
265 792
7 793
741 794
2 795
588 796
354 797
3 798
247 799
267 800
737 801
669 802
52 803
181 804
232 805
208 806
467 807
554 808
427 809
308 810
792 811
737 812
119 813
488 814
375 815
268 816
441 817
530 818
538 819
671 820
739 821
331 822
822 823
671 824
132 825
183 826
786 827
192 828
340 829
424 830
337 831
160 832
358 833
648 834
577 835
415 836
84 837
117 838
130 839
680 840
832 841
24 842
663 843
630 844
732 845
338 846
648 847
532 848
245 849
262 850
105 851
480 852
595 853
249 854
575 855
697 856
372 857
682 858
12 859
570 860
189 861
736 862
148 863
342 864
625 865
193 866
518 867
670 868
161 869
509 870
469 871
332 872
685 873
149 874
207 875
448 876
449 877
119 878
152 879
299 880
553 881
15 882
241 883
671 884
40 885
277 886
778 887
123 888
463 889
256 890
125 891
805 892
551 893
258 894
616 895
832 896
233 897
776 898
161 899
128 900
321 901
314 902
847 903
684 904
792 905
482 906
557 907
440 908
317 909
656 910
453 911
685 912
223 913
523 914
487 915
580 916
284 917
334 918
762 919
480 920
173 921
19 922
795 923
810 924
300 925
580 926
848 927
235 928
182 929
827 930
340 931
455 932
923 933
470 934
577 935
672 936
346 937
278 938
895 939
121 940
158 941
226 942
712 943
444 944
429 945
391 946
157 947
636 948
306 949
223 950
645 951
133 952
822 953
505 954
862 955
240 956
890 957
698 958
6 959
249 960
576 961
432 962
944 963
705 964
431 965
670 966
896 967
811 968
52 969
681 970
70 971
592 972
715 973
509 974
22 975
713 976
141 977
472 978
666 979
195 980
934 981
872 982
820 983
903 984
738 985
38 986
196 987
187 988
124 989
238 990
737 991
407 992
271 993
868 994
119 995
34 996
497 997
434 998
140 999
660 1000
1543 57999 87176 565 28441 217 96160 33552 20047 55589 4010 71837 38252 54783 33511 51668 67530 5067 47336 88929 37271 36799 5686 11940 58291 53796 29419 38257 25683 70265 21783 26832 40609 8208 76828 38463 25849 11408 73650 90475 89485 66033 14244 87355 34914 36323 6608 6501 82962 38407 97195 47287 37864 44468 19547 60335 9575 53363 22972 92739 88931 3907 39484 50363 13605 86935 48703 62865 90252 89779 34171 33240 69703 93747 47932 90450 74908 45956 59553 47640 50212 78312 66622 96790 58476 36022 45144 66924 70486 49271 43628 98639 31190 43243 48393 42630 85462 4834 57521 55725 83954 81476 16859 19349 29372 36777 75988 90530 51385 2498 35162 45388 36098 35566 81151 12159 39524 50373 16076 41915 78817 68497 96892 52532 63853 83504 34972 35699 50289 99987 41394 947 72971 94530 6259 77252 49932 13174 89387 27820 61209 86653 57945 75457 2027 60825 20784 4593 7023 73666 76952 39354 59590 89152 86314 63698 78246 39985 67383 14400 29496 83049 47682 69729 54072 16909 7042 89925 27224 57143 17217 37135 13948 15541 79776 42616 71295 73930 94640 23404 75981 70284 26906 62091 92424 70980 15704 8906 51299 33329 48442 19855 40906 84740 5442 64089 67800 7461 5448 43990 49982 28558 92279 75051 55587 86219 97998 71695 25119 41888 33600 96144 32287 9955 70420 5933 53220 93789 95973 22842 57988 87885 88131 78720 33095 32133 45681 46170 69163 77867 97093 89657 37760 50873 19948 34624 71981 24862 49827 60168 26922 26363 12318 63070 89251 80775 72165 73792 30588 50091 92498 67620 9703 89831 74612 23057 65647 39531 55631 50756 91345 70622 84634 46317 6462 69307 47680 39663 9114 3118 74431 98403 74272 68956 52620 77205 74587 61529 76749 95941 40558 45103 47261 34407 72366 96286 81644 88580 60035 57718 24477 41688 54891 73694 21862 20658 73942 81841 48083 32342 76554 81628 49091 25630 90465 89505 5449 38677 37767 40311 10413 6299 88157 44232 9288 94372 81080 60658 90092 23704 44770 68294 23098 52052 60215 11468 36841 51880 6922 41053 44902 3704 29342 48391 63854 8507 62381 29612 92630 15166 28517 4963 16067 27842 74694 96214 87731 73146 52645 65475 40946 71502 6860 63804 98854 21978 53271 71910 92420 79440 23257 53981 83639 37746 77045 80463 28768 68217 82245 18172 56049 32273 29079 1757 94545 70778 96138 59098 55388 89321 56630 38738 64192 23908 49409 93079 80801 42730 16427 13870 24021 15369 71619 98612 6088 32869 65647 31380 26522 38648 77000 47602 84764 41261 58108 75011 48631 98148 93930 70867 23109 19409 58953 97438 75413 23996 84834 90487 41771 78146 46449 32676 43614 84467 22377 65631 57753 23890 48237 61783 41754 82745 6103 19693 62486 67730 39668 89111 77459 36574 82149 65857 12813 9106 45600 35111 6290 78357 74414 70396 85349 63012 76587 54406 88318 47950 31561 40320 55016 51032 45389 68726 22690 8986 31024 34221 69216 13824 32543 81016 34695 41738 85820 49284 18996 40589 40667 92461 14229 73584 74085 1638 51598 1295 94552 7158 53750 72379 76901 87957 43383 16344 83025 20211 22898 71325 51285 21778 30488 19800 35326 38823 35826 49320 84557 21020 21754 19425 55544 41009 20160 23627 18024 13238 84230 27779 91769 7955 33508 86201 23420 44705 48293 58352 67064 46062 72488 88930 95589 13212 93536 64089 8496 15906 59924 38710 79674 19050 22944 27790 65209 61586 83186 73256 87573 33963 66830 31713 30540 53821 48618 30568 65263 84833 64371 46338 88963 6917 16038 72231 38048 39116 247 12355 41653 25771 71662 20182 99906 44941 53477 78612 79357 74832 57003 45478 49678 85478 43109 46183 2291 69140 68967 42984 76509 93687 75231 44237 56336 30906 43531 98638 65543 39393 56094 75798 62510 21793 75519 7591 53926 36677 66089 12244 31140 63275 716 76006 11090 85797 45771 9624 45613 74649 90172 62906 67654 45537 33739 63153 58945 13132 15895 3990 70297 60987 53779 36499 58905 51941 12455 27561 23044 52307 24461 8845 99183 63972 44308 80486 24098 58282 51296 24049 1050 71019 5831 2365 52906 42082 25206 67023 20757 16187 14123 32927 46486 60218 97080 63833 51256 26069 85254 10365 97822 15158 63215 10463 82173 74106 96003 69224 26524 4596 43268 18835 81787 78986 4202 20625 53513 74007 51616 74310 58701 8072 15493 79465 35518 74975 62348 90696 70923 43027 85693 49858 50515 6990 89553 77515 91502 7021 25913 74283 87010 71811 56344 86943 95599 57399 46117 69847 58212 44705 63818 66998 11399 53074 35463 28373 75090 21449 38640 61056 34864 12670 32970 9080 64388 76539 79922 37327 25858 61597 53015 22319 19668 45176 99515 99572 22902 68817 36246 91181 70202 10401 72851 96319 72069 1081 67728 75362 13904 63000 58786 66050 76201 17430 84399 31007 28047 14621 39827 8493 38457 82251 38364 70805 93136 55410 32909 57042 78832 95799 59135 22133 54507 90838 96795 60674 53926 25437 51457 88784 31482 30477 62724 58637 29941 32700 86284 31256 50166 68277 96531 67525 53396 35094 41064 97276 87064 20529 71119 24890 85566 77196 53919 62030 63448 84065 46690 60414 57483 17854 65625 29952 92944 45414 57877 86433 93044 33615 61471 83873 68536 4610 6417 67477 58354 15358 7451 82916 46379 72949 43200 68971 83711 53741 5142 72089 71104 27936 38921 37459 46834 51677 98584 41745 94160 56773 58710 20510 85862 46383 98090 97116 886 61604 95056 75807 8499 12931 62166 5261 67081 28991 21984 53125 28211 97052 68292 2516 62563 35157 44398 33985 89725 2201 3902 19939 34716 11497 23525 84773 21708 60796 44396 86857 59534 57180 69645 78338 91512 90278 77016 54552 66994 79245 45519 12136 68666 7800 27978 30881 44673 34527 88564 39337 50251 24722 78923 23830 92435 91315 32324 64949 44645 28535 54053 85062 62210 54792 22986 51582 38848 79046 27457 66500 29159 83553 84941 49972 41973 55841 56039 81983 29626 383 7864 97385 19869 87177 26400 32778 52181 8705 70514 17710 86097 73855 51606 42069 4881 28842 53286 74003 63595 58115 83601 64113 44231 21755 61947 19466 8482 41848 87899 9679 64399 18003 18683 81123 71729 12093 85500 80672 90083 12629 58224 5072 64721 39380 81662 31669 47100 68194 45985 53186 29977 68190 88137 17567 28018 64441 73080 31945 28804 62843 53638 62480 
4
1000
1 2
1 3
1 4
1 5
4 6
4 7
2 8
7 9
1 10
1 11
6 12
2 13
4 14
7 15
6 16
7 17
13 18
10 19
19 20
15 21
9 22
22 23
3 24
12 25
13 26
5 27
16 28
6 29
2 30
19 31
4 32
6 33
4 34
19 35
4 36
2 37
3 38
7 39
6 40
10 41
11 42
35 43
43 44
17 45
16 46
10 47
32 48
47 49
41 50
48 51
13 52
33 53
8 54
44 55
7 56
33 57
34 58
38 59
20 60
60 61
26 62
31 63
12 64
1 65
7 66
48 67
29 68
36 69
63 70
40 71
39 72
27 73
4 74
58 75
35 76
32 77
51 78
74 79
51 80
31 81
18 82
34 83
48 84
17 85
20 86
74 87
52 88
73 89
25 90
43 91
87 92
22 93
83 94
85 95
48 96
41 97
38 98
6 99
86 100
4 101
37 102
27 103
38 104
19 105
19 106
69 107
107 108
74 109
50 110
20 111
106 112
32 113
21 114
96 115
105 116
78 117
38 118
98 119
46 120
75 121
97 122
57 123
58 124
86 125
54 126
21 127
94 128
5 129
72 130
117 131
84 132
41 133
58 134
130 135
9 136
1 137
38 138
31 139
17 140
44 141
105 142
141 143
68 144
9 145
133 146
115 147
71 148
93 149
127 150
125 151
86 152
23 153
21 154
34 155
130 156
114 157
13 158
120 159
155 160
157 161
31 162
60 163
160 164
151 165
163 166
138 167
56 168
78 169
109 170
139 171
30 172
76 173
45 174
137 175
74 176
34 177
175 178
131 179
129 180
165 181
57 182
149 183
88 184
46 185
29 186
36 187
134 188
162 189
52 190
14 191
57 192
185 193
109 194
32 195
45 196
22 197
125 198
162 199
121 200
16 201
35 202
167 203
197 204
56 205
124 206
188 207
40 208
179 209
63 210
92 211
9 212
62 213
23 214
158 215
211 216
54 217
55 218
121 219
45 220
5 221
210 222
221 223
98 224
162 225
210 226
206 227
61 228
55 229
130 230
192 231
220 232
105 233
138 234
177 235
121 236
160 237
63 238
236 239
69 240
149 241
47 242
125 243
90 244
148 245
145 246
195 247
129 248
162 249
72 250
18 251
26 252
155 253
147 254
32 255
26 256
159 257
225 258
203 259
109 260
177 261
185 262
188 263
96 264
185 265
56 266
215 267
124 268
98 269
263 270
63 271
167 272
223 273
202 274
129 275
183 276
240 277
169 278
53 279
139 280
15 281
266 282
255 283
222 284
152 285
266 286
85 287
259 288
88 289
16 290
264 291
25 292
237 293
97 294
28 295
156 296
222 297
199 298
81 299
175 300
160 301
137 302
63 303
37 304
122 305
78 306
207 307
234 308
41 309
188 310
278 311
232 312
143 313
47 314
94 315
165 316
133 317
201 318
124 319
231 320
246 321
261 322
218 323
79 324
225 325
223 326
231 327
94 328
322 329
131 330
168 331
110 332
22 333
156 334
256 335
29 336
93 337
38 338
138 339
4 340
271 341
204 342
184 343
148 344
241 345
343 346
206 347
25 348
200 349
18 350
67 351
245 352
256 353
309 354
290 355
190 356
271 357
76 358
310 359
15 360
124 361
12 362
249 363
240 364
42 365
172 366
24 367
174 368
240 369
62 370
161 371
292 372
123 373
115 374
332 375
60 376
349 377
166 378
174 379
301 380
140 381
34 382
91 383
68 384
126 385
293 386
197 387
63 388
199 389
234 390
169 391
98 392
125 393
331 394
199 395
130 396
326 397
1 398
189 399
278 400
123 401
261 402
9 403
320 404
256 405
304 406
106 407
254 408
132 409
250 410
80 411
302 412
302 413
154 414
335 415
354 416
56 417
182 418
211 419
57 420
127 421
96 422
280 423
362 424
44 425
317 426
366 427
338 428
49 429
317 430
251 431
86 432
295 433
46 434
253 435
55 436
398 437
115 438
438 439
232 440
117 441
389 442
106 443
75 444
332 445
303 446
195 447
272 448
439 449
98 450
120 451
23 452
5 453
112 454
217 455
97 456
57 457
95 458
156 459
51 460
4 461
400 462
295 463
384 464
443 465
133 466
304 467
336 468
274 469
454 470
244 471
83 472
353 473
425 474
453 475
174 476
329 477
250 478
43 479
298 480
258 481
411 482
401 483
289 484
9 485
178 486
297 487
267 488
205 489
116 490
478 491
7 492
90 493
225 494
424 495
210 496
463 497
269 498
2 499
2 500
367 501
13 502
293 503
457 504
430 505
83 506
277 507
80 508
278 509
218 510
440 511
30 512
290 513
76 514
264 515
363 516
249 517
427 518
158 519
136 520
278 521
121 522
29 523
379 524
131 525
128 526
178 527
412 528
44 529
354 530
301 531
8 532
261 533
131 534
202 535
20 536
294 537
40 538
532 539
379 540
298 541
59 542
298 543
3 544
254 545
512 546
209 547
460 548
31 549
23 550
452 551
497 552
335 553
64 554
260 555
366 556
531 557
143 558
215 559
243 560
249 561
300 562
261 563
273 564
301 565
430 566
327 567
458 568
424 569
430 570
202 571
58 572
433 573
404 574
119 575
202 576
190 577
457 578
555 579
178 580
462 581
257 582
542 583
400 584
413 585
171 586
51 587
349 588
191 589
379 590
466 591
83 592
286 593
380 594
145 595
209 596
381 597
3 598
300 599
353 600
77 601
428 602
316 603
320 604
351 605
477 606
6 607
173 608
74 609
512 610
422 611
261 612
99 613
356 614
464 615
17 616
610 617
28 618
122 619
617 620
530 621
492 622
165 623
581 624
260 625
55 626
258 627
425 628
616 629
542 630
81 631
121 632
580 633
426 634
341 635
361 636
129 637
546 638
517 639
130 640
523 641
482 642
590 643
577 644
1 645
26 646
345 647
614 648
437 649
533 650
363 651
193 652
65 653
161 654
256 655
19 656
529 657
58 658
336 659
456 660
487 661
474 662
331 663
292 664
581 665
584 666
207 667
435 668
506 669
1 670
264 671
454 672
72 673
384 674
132 675
418 676
364 677
232 678
508 679
48 680
294 681
123 682
68 683
294 684
166 685
617 686
257 687
424 688
96 689
148 690
533 691
416 692
36 693
113 694
418 695
476 696
425 697
305 698
546 699
444 700
679 701
296 702
486 703
659 704
201 705
506 706
385 707
400 708
384 709
495 710
670 711
229 712
6 713
53 714
341 715
634 716
659 717
372 718
345 719
522 720
86 721
246 722
657 723
222 724
262 725
511 726
650 727
349 728
407 729
259 730
288 731
436 732
642 733
579 734
186 735
669 736
503 737
537 738
215 739
31 740
698 741
581 742
503 743
83 744
484 745
262 746
134 747
644 748
672 749
128 750
611 751
33 752
493 753
556 754
378 755
128 756
506 757
37 758
728 759
363 760
87 761
736 762
204 763
175 764
309 765
544 766
133 767
55 768
441 769
104 770
296 771
223 772
457 773
453 774
267 775
278 776
200 777
756 778
276 779
569 780
56 781
107 782
475 783
221 784
76 785
36 786
83 787
259 788
698 789
285 790
497 791
401 792
393 793
99 794
73 795
422 796
292 797
191 798
235 799
331 800
23 801
601 802
194 803
560 804
726 805
88 806
176 807
792 808
59 809
557 810
282 811
615 812
522 813
325 814
547 815
538 816
700 817
518 818
189 819
603 820
80 821
210 822
763 823
442 824
646 825
824 826
317 827
725 828
29 829
653 830
360 831
55 832
90 833
293 834
819 835
370 836
63 837
264 838
789 839
718 840
372 841
749 842
90 843
826 844
5 845
202 846
255 847
453 848
403 849
416 850
140 851
185 852
380 853
742 854
616 855
377 856
837 857
370 858
414 859
361 860
650 861
303 862
164 863
195 864
617 865
844 866
756 867
349 868
802 869
470 870
313 871
596 872
203 873
861 874
394 875
821 876
830 877
547 878
632 879
673 880
267 881
675 882
872 883
552 884
744 885
857 886
633 887
163 888
782 889
580 890
744 891
607 892
650 893
387 894
501 895
458 896
684 897
5 898
16 899
450 900
267 901
277 902
245 903
551 904
473 905
809 906
193 907
875 908
551 909
204 910
330 911
875 912
460 913
460 914
146 915
538 916
878 917
162 918
664 919
5 920
178 921
561 922
836 923
790 924
630 925
382 926
768 927
246 928
812 929
545 930
345 931
212 932
532 933
416 934
77 935
927 936
596 937
621 938
651 939
178 940
804 941
205 942
239 943
551 944
141 945
896 946
872 947
36 948
314 949
296 950
511 951
572 952
344 953
466 954
896 955
776 956
581 957
763 958
423 959
572 960
560 961
880 962
805 963
628 964
99 965
427 966
638 967
340 968
575 969
594 970
284 971
495 972
87 973
846 974
799 975
250 976
230 977
48 978
770 979
479 980
526 981
514 982
354 983
8 984
113 985
357 986
314 987
274 988
47 989
855 990
966 991
813 992
128 993
361 994
911 995
360 996
388 997
503 998
444 999
672 1000
12488 74964 26048 79202 88574 79332 62876 25248 73938 60686 14570 96582 16340 37758 71259 10931 29688 88261 71846 76201 48341 96569 88131 27534 48871 43249 47408 83534 71790 3242 96847 25270 32109 93764 20614 90490 17484 48774 82429 60112 67830 46806 26340 92115 82715 32993 50027 73762 15695 77465 78536 99070 44650 8370 6644 49967 66822 3172 63214 99488 47140 7020 8407 27326 98343 53099 17972 53789 11766 66405 65935 46483 6015 33412 37878 30555 41583 11059 39099 13747 67835 38371 60658 96126 77434 65385 71254 15651 29672 33757 19557 34252 30501 4253 38719 77416 6804 9736 23371 73482 33469 35364 37649 35112 75147 79000 39809 32732 56783 67827 15339 41606 65499 5859 3269 39176 46727 90622 24392 91817 62127 20797 17939 70419 71123 18044 99239 37205 42102 16795 99977 21441 75456 64128 32772 20527 77980 29427 60932 99416 64731 13569 48507 35548 69711 76697 18848 38077 96400 25522 39307 36449 1530 70147 47162 68756 47373 33385 52496 4835 99916 89221 53040 20163 26879 55835 93606 11656 28337 17780 59103 35086 87443 93277 55532 30004 72311 34886 16163 80987 17429 43972 91198 427 79882 25775 50554 19215 10260 75076 53464 67444 79511 63716 18624 8750 78907 68148 22649 86675 18219 48091 46706 15102 68695 40935 57053 88526 65395 28009 42158 95876 79095 63636 9793 47336 67357 35361 93201 89924 79910 95342 81089 30472 29077 31514 79959 33412 20690 29611 11324 87281 46729 29737 56190 51241 14088 61472 37230 94666 89924 31074 5602 94615 14197 40354 71988 78935 54133 42874 321 79828 72869 91878 72235 22877 47944 69447 13175 75077 19686 90529 53072 42465 55051 6813 8994 95150 9221 14279 7647 53801 56105 24433 44382 28884 24783 17199 16567 27736 53841 21401 4233 40702 92912 25900 32948 981 57135 35977 17919 5359 23222 86804 48371 68515 82417 46935 70334 65965 94158 86173 27057 16713 37667 26551 25506 95900 76421 8186 85963 19211 47666 22270 88393 78850 98344 55041 14814 68271 57675 33346 37551 14244 64291 68742 90663 59960 89755 95895 94418 40742 85572 20192 83331 79724 70224 34194 95855 47342 31032 81859 35311 51409 14774 18569 59650 38688 34763 38819 16520 90123 28826 85553 71720 38883 32044 30423 55019 25727 47370 77789 30047 73081 67046 70386 18805 68210 2098 80549 64259 54954 3367 1354 32515 58857 28991 96091 3154 26521 44123 18452 56882 42921 11678 38358 21961 94668 84881 73029 61983 78456 67069 72874 73252 80167 13428 70738 19655 80185 94312 38605 19424 28656 71698 93392 58120 6835 69484 18867 98651 44940 62967 95283 74717 77322 19959 39473 20690 93343 79186 81586 8644 50787 2740 63421 90945 15599 64782 51584 70042 39331 60722 66955 61125 65601 27065 39219 87324 20815 68253 72689 40348 249 16832 43297 48712 86125 45635 67427 20323 84765 6127 73629 24601 55360 31728 46102 51990 80146 73940 45213 90605 60015 71409 29600 43603 74012 46044 65558 2433 66078 53651 96181 67862 44225 25908 65532 50451 85522 26148 78987 36861 62565 38505 85062 41406 90352 26031 70422 32356 78286 95687 7368 7328 60317 65636 85131 60968 69153 54140 44598 2358 2559 24909 9600 22824 66754 48501 1510 24158 53593 46105 52681 22718 60247 9247 8013 30483 51986 44883 49404 84554 1733 15558 4801 15380 43854 13483 22957 49414 93648 86104 68597 60348 44722 70251 51569 3090 37726 30210 61630 75881 46659 92130 96094 66792 47732 32977 36563 14329 7430 27516 7144 904 87734 73681 67848 22695 19649 70630 27076 93997 77482 74801 76977 18834 1623 45389 98824 11860 37972 71164 45285 58901 84623 7007 36936 65019 7642 51679 21015 46255 76621 84040 5850 59326 4289 4777 63261 731 76662 23509 52434 41659 72334 64037 38285 74776 80367 22196 91685 45294 86501 49729 88282 12033 81981 60945 15561 15285 42667 3690 98969 43157 34022 2809 13075 34093 46823 56269 36033 33647 65677 18745 99446 57650 24540 28438 50118 70606 15481 14559 23305 72129 22383 24211 30140 37677 25870 64023 52321 53656 77255 98225 75514 89419 50449 68526 91025 39284 23462 71933 47315 16676 24839 69937 82928 65201 69428 4515 4733 45108 5013 61582 57715 13932 24500 49265 6670 83706 72608 2801 62158 61667 73964 15444 99001 94578 366 4007 56438 80243 22273 66425 58452 15864 79523 40062 28705 73080 45975 90604 25203 33355 67075 18977 15171 57551 97459 74140 33677 27111 34741 70943 81778 790 30140 64564 83574 2888 63645 84901 29698 20170 18613 74465 61666 2733 51457 6558 66312 26535 87811 14162 54599 48722 16132 7737 25242 73675 20141 19026 37915 41172 34124 13250 77004 10738 42806 42095 92241 29551 38463 34022 69363 42394 42371 94358 70879 77794 66017 43155 79749 68799 42971 49812 81530 91817 3063 68917 15542 81919 89792 18517 93367 70113 48838 21689 82844 52982 76538 99079 73610 27879 62867 68844 53995 24834 92620 28055 27434 36280 53987 18236 91192 37759 28668 83186 16298 68657 2204 14453 51801 78443 92654 41924 68609 27342 69666 26340 50402 76290 84840 6620 7106 31118 11321 86774 34793 92578 99247 22980 10787 62349 15336 72761 93698 67655 34759 5324 47513 79848 97203 18169 50882 24623 25974 89376 46681 82492 74688 51939 31103 7670 92161 41164 24920 99942 87410 56101 72269 74426 28556 97502 63979 67587 97199 84171 42210 38135 43997 60035 27302 38768 27933 33826 27698 16619 75993 40935 52640 50666 29280 79447 83410 63123 75780 82873 13836 65902 74653 16056 19320 28235 86724 82628 73825 3385 99545 24496 29784 58032 13469 63766 44274 80488 28921 18831 18855 32224 32598 53211 29397 67033 35234 99135 67739 60600 29073 99138 15103 34887 60218 58639 18344 31924 96534 73014 83365 97744 78564 31051 44132 81585 34984 43973 66907 1969 65447 68768 28515 51181 31212 13627 85656 21287 92391 99259 82683 50565 69385 2887 24495 85871 2217 90314 29599 26997 5986 7028 13879 92998 99762 8633 20135 1210 56572 31760 58403 62058 55623 57461 85989 67698 87134 82184 55273 39542 44366 22668 41232 25562 30219 28744 32446 66568 29642 19497 40701 60302 97736 28446 32119 67965 77506 36379 20031 56492 70043 90744 70889 41299 4858 55023 62670 45104 26729 77376 37897 71365 40119 39568 49276 1591 81494 98694 34732 99473 82494 
4
1000
1 2
1 3
2 4
4 5
5 6
2 7
1 8
1 9
8 10
7 11
7 12
10 13
3 14
4 15
15 16
4 17
15 18
12 19
13 20
7 21
3 22
19 23
9 24
20 25
10 26
7 27
5 28
18 29
11 30
22 31
4 32
31 33
1 34
6 35
10 36
12 37
20 38
14 39
24 40
23 41
16 42
3 43
26 44
43 45
18 46
46 47
10 48
18 49
11 50
45 51
12 52
10 53
51 54
23 55
6 56
37 57
33 58
18 59
6 60
15 61
33 62
12 63
57 64
36 65
5 66
57 67
13 68
66 69
51 70
37 71
27 72
67 73
22 74
14 75
60 76
7 77
24 78
12 79
16 80
57 81
77 82
25 83
1 84
60 85
4 86
27 87
77 88
48 89
64 90
87 91
57 92
48 93
10 94
37 95
75 96
22 97
44 98
15 99
52 100
93 101
40 102
46 103
14 104
47 105
68 106
26 107
70 108
95 109
40 110
60 111
38 112
48 113
101 114
102 115
54 116
43 117
93 118
97 119
111 120
13 121
93 122
44 123
29 124
53 125
9 126
98 127
66 128
124 129
114 130
37 131
26 132
26 133
48 134
130 135
3 136
16 137
72 138
44 139
68 140
139 141
44 142
32 143
91 144
80 145
61 146
60 147
139 148
23 149
16 150
105 151
2 152
117 153
74 154
60 155
130 156
17 157
49 158
43 159
150 160
159 161
1 162
71 163
34 164
156 165
30 166
30 167
1 168
121 169
30 170
92 171
161 172
66 173
55 174
53 175
37 176
32 177
126 178
52 179
29 180
174 181
79 182
118 183
97 184
112 185
32 186
114 187
140 188
185 189
15 190
44 191
123 192
135 193
83 194
26 195
28 196
116 197
177 198
104 199
32 200
112 201
146 202
109 203
133 204
160 205
85 206
21 207
52 208
169 209
168 210
50 211
167 212
81 213
123 214
16 215
91 216
85 217
156 218
122 219
124 220
160 221
174 222
205 223
104 224
27 225
66 226
220 227
50 228
22 229
77 230
128 231
15 232
117 233
128 234
91 235
158 236
106 237
109 238
31 239
221 240
210 241
29 242
27 243
211 244
15 245
45 246
8 247
225 248
189 249
88 250
135 251
184 252
243 253
185 254
164 255
101 256
68 257
172 258
164 259
230 260
33 261
152 262
241 263
46 264
105 265
133 266
217 267
86 268
128 269
104 270
226 271
142 272
100 273
63 274
102 275
256 276
257 277
166 278
111 279
26 280
7 281
185 282
153 283
189 284
14 285
266 286
265 287
125 288
137 289
227 290
182 291
48 292
17 293
171 294
167 295
190 296
268 297
256 298
247 299
169 300
93 301
111 302
158 303
219 304
263 305
190 306
169 307
177 308
22 309
304 310
79 311
61 312
268 313
8 314
36 315
153 316
208 317
261 318
226 319
141 320
179 321
266 322
235 323
234 324
179 325
90 326
75 327
45 328
157 329
95 330
149 331
241 332
218 333
285 334
52 335
265 336
66 337
324 338
206 339
207 340
12 341
150 342
65 343
115 344
83 345
59 346
308 347
102 348
117 349
16 350
82 351
78 352
297 353
266 354
45 355
18 356
3 357
86 358
200 359
326 360
285 361
262 362
269 363
186 364
202 365
288 366
50 367
62 368
301 369
335 370
335 371
191 372
299 373
186 374
220 375
302 376
310 377
327 378
239 379
224 380
226 381
223 382
71 383
248 384
84 385
284 386
33 387
120 388
384 389
112 390
381 391
61 392
363 393
293 394
289 395
285 396
322 397
387 398
127 399
260 400
34 401
207 402
394 403
367 404
264 405
313 406
103 407
345 408
282 409
164 410
94 411
411 412
107 413
138 414
18 415
208 416
155 417
111 418
291 419
235 420
267 421
185 422
181 423
98 424
280 425
10 426
144 427
183 428
334 429
197 430
413 431
278 432
70 433
123 434
104 435
416 436
375 437
191 438
119 439
408 440
121 441
200 442
441 443
182 444
35 445
95 446
66 447
369 448
295 449
73 450
94 451
188 452
348 453
225 454
122 455
127 456
347 457
38 458
12 459
146 460
417 461
155 462
245 463
109 464
20 465
252 466
213 467
465 468
111 469
455 470
334 471
373 472
467 473
434 474
219 475
337 476
303 477
100 478
345 479
193 480
416 481
83 482
214 483
213 484
90 485
105 486
283 487
249 488
461 489
266 490
456 491
231 492
275 493
27 494
344 495
381 496
433 497
314 498
397 499
181 500
325 501
249 502
187 503
32 504
135 505
254 506
430 507
101 508
167 509
177 510
331 511
127 512
301 513
357 514
336 515
332 516
277 517
258 518
360 519
384 520
46 521
5 522
28 523
16 524
98 525
90 526
139 527
88 528
504 529
386 530
423 531
152 532
492 533
168 534
528 535
247 536
206 537
470 538
287 539
465 540
362 541
248 542
260 543
507 544
55 545
121 546
218 547
267 548
382 549
194 550
392 551
361 552
261 553
431 554
133 555
176 556
219 557
193 558
463 559
539 560
159 561
210 562
443 563
375 564
421 565
383 566
49 567
104 568
343 569
417 570
290 571
308 572
332 573
507 574
388 575
163 576
485 577
313 578
360 579
256 580
101 581
560 582
187 583
424 584
171 585
212 586
431 587
294 588
1 589
7 590
74 591
359 592
174 593
432 594
330 595
547 596
415 597
371 598
588 599
347 600
59 601
72 602
581 603
388 604
50 605
99 606
204 607
438 608
416 609
487 610
476 611
529 612
17 613
236 614
256 615
73 616
239 617
327 618
10 619
171 620
417 621
162 622
357 623
8 624
479 625
335 626
107 627
270 628
487 629
515 630
343 631
266 632
306 633
25 634
587 635
502 636
280 637
345 638
358 639
479 640
591 641
550 642
314 643
504 644
551 645
228 646
630 647
310 648
410 649
250 650
579 651
539 652
138 653
639 654
298 655
169 656
87 657
140 658
362 659
653 660
377 661
315 662
624 663
365 664
347 665
375 666
661 667
326 668
69 669
121 670
486 671
90 672
187 673
607 674
571 675
10 676
6 677
200 678
325 679
576 680
675 681
332 682
6 683
619 684
474 685
121 686
417 687
216 688
241 689
593 690
676 691
346 692
8 693
333 694
55 695
397 696
575 697
391 698
355 699
585 700
638 701
68 702
248 703
624 704
44 705
197 706
497 707
591 708
211 709
201 710
464 711
460 712
123 713
562 714
260 715
704 716
9 717
650 718
172 719
719 720
674 721
343 722
149 723
18 724
197 725
171 726
162 727
606 728
693 729
624 730
22 731
179 732
234 733
728 734
606 735
647 736
713 737
595 738
417 739
290 740
18 741
428 742
7 743
571 744
689 745
528 746
207 747
136 748
37 749
566 750
185 751
699 752
629 753
459 754
370 755
132 756
683 757
399 758
426 759
697 760
534 761
76 762
70 763
760 764
298 765
186 766
382 767
743 768
315 769
362 770
485 771
2 772
114 773
26 774
138 775
696 776
750 777
758 778
712 779
389 780
711 781
337 782
436 783
295 784
672 785
395 786
377 787
259 788
691 789
571 790
561 791
472 792
161 793
131 794
509 795
127 796
45 797
550 798
510 799
247 800
457 801
322 802
180 803
444 804
247 805
685 806
698 807
30 808
50 809
229 810
305 811
320 812
262 813
405 814
565 815
283 816
395 817
657 818
578 819
307 820
24 821
69 822
206 823
813 824
455 825
278 826
719 827
55 828
444 829
151 830
822 831
293 832
444 833
361 834
388 835
332 836
467 837
810 838
273 839
654 840
540 841
673 842
646 843
707 844
631 845
24 846
78 847
846 848
79 849
607 850
99 851
261 852
603 853
24 854
236 855
105 856
847 857
627 858
60 859
299 860
107 861
524 862
398 863
131 864
347 865
837 866
721 867
582 868
451 869
198 870
647 871
58 872
285 873
221 874
179 875
703 876
493 877
203 878
809 879
191 880
868 881
420 882
102 883
395 884
76 885
653 886
677 887
879 888
178 889
665 890
660 891
808 892
689 893
505 894
483 895
201 896
239 897
768 898
685 899
389 900
850 901
73 902
462 903
74 904
276 905
79 906
870 907
58 908
222 909
139 910
635 911
335 912
65 913
478 914
619 915
783 916
326 917
198 918
853 919
396 920
536 921
893 922
243 923
572 924
79 925
21 926
89 927
345 928
607 929
543 930
511 931
558 932
185 933
869 934
782 935
623 936
322 937
411 938
326 939
46 940
430 941
64 942
916 943
358 944
799 945
13 946
104 947
868 948
689 949
934 950
297 951
209 952
808 953
902 954
437 955
148 956
528 957
571 958
737 959
333 960
852 961
194 962
827 963
106 964
963 965
430 966
122 967
874 968
390 969
689 970
519 971
849 972
178 973
149 974
302 975
146 976
325 977
472 978
582 979
11 980
827 981
874 982
608 983
484 984
619 985
630 986
881 987
2 988
45 989
670 990
508 991
634 992
694 993
371 994
928 995
48 996
674 997
940 998
596 999
294 1000
57648 80800 91762 55722 29176 80788 10069 5999 24512 17610 67158 85299 93571 90464 80477 1261 17681 49926 92483 99431 4176 60419 3926 95362 33655 56910 71577 80016 16401 23798 32577 55448 97952 93499 32793 52661 15575 90610 36639 31383 27294 14149 37509 55648 2834 96497 94833 75592 34786 50854 16957 19642 92947 72138 5751 32341 20958 4247 24834 44652 63597 48504 74932 10215 72097 10800 40726 59423 97167 55252 49415 69702 50781 64491 84921 32732 66186 91317 28530 28315 74404 11681 45548 18764 42416 97974 9718 33648 2310 8875 78673 16952 82226 69550 89747 1197 86643 8609 46248 54089 41408 56984 54636 20124 23390 99165 27410 89384 22059 20877 26016 55045 68695 62712 59888 2174 36518 54852 27281 83921 33359 39306 94756 71571 94496 36408 32352 69291 59159 91949 98351 25810 10410 39968 47534 61817 26304 4858 37520 45603 96182 34775 46139 92902 62460 49162 88778 51790 57301 99510 12042 91258 6170 38901 47453 72158 96887 66036 14298 9983 87148 27669 11307 34618 69934 53772 10637 95646 53412 68578 42260 48749 36042 29781 60516 86622 64081 17750 88441 14814 14173 7050 82816 5835 74694 67115 40187 44183 95192 98852 34433 38763 88179 53559 77628 60610 9195 93370 71946 68009 11368 26198 63356 4166 67367 88263 86170 22510 76600 82623 95037 38701 30943 23459 3891 19394 98227 18124 40031 34944 35074 69927 51734 76527 59754 36469 9891 74568 26721 41100 13988 54365 61294 24596 27818 8398 44942 97995 51197 96117 32112 12514 99254 37883 49786 27230 90692 7521 97954 568 17639 11736 31381 85213 6872 46121 61267 57710 607 13070 51856 32065 64763 15767 93429 32414 17246 6854 52734 84803 48910 93747 2586 15969 70021 52457 36334 4477 34673 78311 98705 8623 54741 96384 4305 39654 67879 93851 24685 82435 96816 37843 8537 24825 99439 13016 18078 98227 7830 65005 38167 1998 65579 61833 94708 59963 14377 36982 34459 99231 34844 25460 47074 76338 72873 72598 52343 4739 59011 42564 42168 75538 56567 38040 60571 14421 44321 65345 92711 29108 30292 10211 85209 99181 1878 43157 27872 69456 17666 7842 40866 8356 48197 88136 2357 74176 37345 94972 70278 17235 97485 80388 27573 43997 26898 73692 66358 32307 92688 66321 43986 58911 95287 66121 81413 40350 94895 51385 77694 22177 46800 59661 66657 48716 50026 94500 93096 58202 53343 65265 98366 15862 196 64636 56707 36355 58499 59359 28139 82517 70844 69641 36734 3766 15488 61790 96025 82467 38004 21940 47212 15916 61716 26936 75770 68056 46445 83719 36765 75166 86178 96310 15039 61101 42536 30859 12354 75940 14826 55073 6008 38331 44901 99943 41132 3193 19597 53634 58423 22299 92007 43079 77580 86643 85805 13346 79309 50471 29165 74897 12723 82830 55690 4521 60554 67958 23353 21713 52210 69473 37509 8162 53023 36547 93740 54445 12954 25830 20288 59957 77983 9446 66631 24816 55421 92022 47931 811 32152 34649 4298 8899 31146 51657 79767 38892 96926 22323 3320 30926 48371 23929 6358 45891 44000 92271 58064 6906 55146 53023 53624 89751 9487 89861 49844 71761 21887 24499 20670 27475 96285 88334 14373 12188 27874 4943 36426 65022 88187 70275 30468 33922 12742 78796 64764 57411 33689 34942 24049 72655 32539 26307 66741 28553 20489 38551 31566 70217 14482 85260 40183 93370 42939 33799 81917 91164 38492 31265 67266 71968 63585 99399 56413 40846 57546 922 41655 28162 13260 3376 16048 49162 71789 52434 61240 32778 91244 59644 1462 57561 98071 41344 97157 51297 99635 46147 7634 64931 98839 37502 66719 43440 21553 97598 96419 10705 85632 60868 62312 14528 86648 52486 29291 42701 64833 41868 35072 22426 31064 2740 58507 43807 68333 41359 85928 44807 64771 38594 14052 48945 28147 77766 1793 34032 24170 85224 36567 46283 41990 27177 82829 42078 12253 62847 79076 45143 20278 32434 80845 4794 52974 81024 90669 17213 41012 55738 62720 34061 5933 22404 18291 36903 87665 9817 43209 87327 93580 17413 48599 21309 5758 45001 61256 92603 19419 96731 18810 68361 30060 27235 96511 90825 91756 69503 56797 47667 46252 82271 39982 2673 88752 92746 84640 18788 87568 95063 48918 57918 42679 29173 44070 14854 80103 8292 2809 26135 64851 12698 63790 46049 95427 80511 18135 87815 69428 5073 10394 21727 14454 73280 90289 54325 55404 93651 39274 62888 30928 42145 80584 96747 44492 86393 70945 9638 51521 60507 99998 57235 46820 95036 18302 33601 41084 28134 49331 39476 28134 71798 52131 67459 75761 2844 82569 65336 38754 29279 44786 10068 86097 45238 47040 91176 86506 49552 80905 17501 92109 13709 7225 78701 96622 11362 55820 13832 33814 7929 44277 87568 6304 73807 69979 80477 36861 23284 41974 79450 90033 51022 38102 86790 39795 38391 33660 59380 23633 48314 56383 12172 77610 20346 75177 81383 43602 96779 29751 24086 65553 64823 31997 50396 13252 35290 62911 21616 35258 8679 70201 5756 22297 13921 80120 92096 76727 24834 16510 39536 36001 44856 14594 63665 80120 23554 83662 90848 4334 59031 39040 41516 4781 45696 48553 77015 3825 53018 78769 20953 37513 76885 57937 38877 64762 52951 56887 52450 18076 4153 15429 99002 80283 27080 5203 96526 18903 35718 92425 79833 59044 9511 37093 1769 83563 42901 41083 45665 70983 34764 49296 4858 12201 27390 90462 71485 30485 64976 49107 50538 30498 4987 81074 43188 9438 82572 79888 64419 56999 25381 88632 59249 22611 14138 97384 47533 95786 46836 53010 38171 11335 68305 20636 3410 93114 96162 42112 40028 72392 75916 32077 29178 60586 59688 91460 55805 38314 15587 28443 90190 88265 54047 90205 25544 82556 84304 91432 50616 6282 91679 15054 74532 17839 95882 44342 77441 8701 64578 65400 69947 45366 99052 28323 62001 33170 47777 86491 502 12575 62894 86131 87377 33916 32084 76952 47806 31806 51465 67302 93835 83531 49717 12464 60348 36289 45334 48444 80743 74704 68605 83781 55865 2332 18479 71319 93583 62076 76133 31223 51933 5246 63212 84569 4235 87809 95589 74151 49651 65176 70534 78400 98117 19470 6007 34135 75491 59645 17142 50032 15973 70389 49555 647 65046 74459 31061 76233 4852 46728 7924 98328 66388 20166 9789 843 69020 89270 22161 28844 82056 57485 63909 72792 31622 
4
1000
1 2
2 3
3 4
3 5
5 6
1 7
2 8
1 9
7 10
7 11
3 12
8 13
8 14
13 15
1 16
10 17
4 18
3 19
12 20
1 21
5 22
2 23
14 24
18 25
11 26
26 27
14 28
6 29
4 30
3 31
18 32
1 33
8 34
24 35
35 36
22 37
14 38
9 39
34 40
10 41
19 42
9 43
9 44
21 45
19 46
23 47
4 48
21 49
40 50
17 51
27 52
12 53
13 54
52 55
17 56
20 57
36 58
22 59
51 60
8 61
34 62
33 63
63 64
46 65
50 66
51 67
62 68
67 69
31 70
38 71
2 72
15 73
14 74
23 75
20 76
6 77
22 78
58 79
70 80
6 81
57 82
35 83
79 84
62 85
82 86
39 87
85 88
37 89
51 90
30 91
21 92
31 93
47 94
51 95
49 96
21 97
78 98
4 99
82 100
52 101
50 102
63 103
77 104
24 105
51 106
101 107
80 108
108 109
99 110
102 111
84 112
5 113
52 114
97 115
17 116
94 117
65 118
93 119
73 120
23 121
44 122
7 123
92 124
43 125
68 126
20 127
117 128
126 129
83 130
83 131
29 132
55 133
45 134
125 135
26 136
4 137
78 138
128 139
48 140
3 141
79 142
74 143
54 144
25 145
53 146
85 147
87 148
146 149
113 150
45 151
83 152
56 153
138 154
32 155
73 156
75 157
117 158
42 159
11 160
80 161
19 162
51 163
117 164
84 165
12 166
42 167
91 168
12 169
156 170
87 171
102 172
27 173
168 174
130 175
109 176
12 177
105 178
130 179
147 180
92 181
86 182
72 183
35 184
41 185
155 186
157 187
88 188
24 189
79 190
108 191
141 192
53 193
42 194
55 195
174 196
109 197
64 198
114 199
63 200
152 201
87 202
4 203
12 204
103 205
145 206
163 207
17 208
52 209
96 210
195 211
148 212
157 213
121 214
110 215
146 216
74 217
189 218
156 219
112 220
90 221
47 222
132 223
100 224
147 225
81 226
79 227
225 228
68 229
168 230
38 231
168 232
96 233
33 234
200 235
230 236
85 237
52 238
90 239
13 240
42 241
215 242
107 243
218 244
41 245
163 246
95 247
190 248
43 249
137 250
110 251
97 252
77 253
106 254
252 255
10 256
211 257
213 258
234 259
133 260
227 261
82 262
92 263
186 264
124 265
20 266
40 267
212 268
215 269
176 270
61 271
179 272
38 273
84 274
117 275
193 276
59 277
263 278
184 279
71 280
28 281
163 282
122 283
176 284
160 285
206 286
22 287
1 288
92 289
263 290
56 291
34 292
276 293
27 294
264 295
118 296
3 297
57 298
92 299
26 300
166 301
172 302
185 303
100 304
160 305
271 306
195 307
195 308
213 309
233 310
182 311
55 312
188 313
91 314
298 315
293 316
309 317
26 318
77 319
160 320
24 321
268 322
132 323
165 324
260 325
49 326
306 327
39 328
151 329
60 330
44 331
318 332
186 333
152 334
58 335
88 336
175 337
273 338
277 339
97 340
161 341
64 342
26 343
327 344
292 345
173 346
63 347
195 348
250 349
272 350
67 351
136 352
173 353
59 354
99 355
271 356
210 357
202 358
347 359
190 360
70 361
220 362
297 363
50 364
171 365
50 366
359 367
324 368
60 369
124 370
242 371
173 372
372 373
92 374
117 375
368 376
244 377
351 378
146 379
172 380
240 381
337 382
130 383
54 384
197 385
13 386
277 387
220 388
240 389
238 390
339 391
127 392
297 393
213 394
168 395
137 396
100 397
366 398
349 399
178 400
287 401
176 402
361 403
71 404
222 405
184 406
21 407
97 408
212 409
20 410
183 411
403 412
263 413
196 414
217 415
322 416
262 417
20 418
287 419
74 420
204 421
2 422
175 423
55 424
143 425
321 426
4 427
178 428
114 429
120 430
426 431
252 432
320 433
158 434
338 435
204 436
87 437
206 438
164 439
16 440
380 441
291 442
399 443
352 444
19 445
426 446
389 447
440 448
344 449
410 450
96 451
37 452
291 453
336 454
146 455
245 456
18 457
34 458
40 459
14 460
241 461
416 462
163 463
289 464
407 465
284 466
369 467
451 468
390 469
195 470
173 471
49 472
123 473
110 474
51 475
185 476
71 477
267 478
402 479
375 480
293 481
60 482
374 483
264 484
117 485
123 486
11 487
228 488
464 489
276 490
402 491
485 492
193 493
208 494
139 495
65 496
332 497
157 498
249 499
157 500
41 501
452 502
81 503
289 504
10 505
302 506
343 507
299 508
164 509
266 510
41 511
127 512
84 513
367 514
298 515
90 516
146 517
246 518
198 519
264 520
74 521
240 522
108 523
179 524
126 525
389 526
254 527
501 528
294 529
474 530
346 531
510 532
262 533
300 534
116 535
495 536
409 537
334 538
56 539
123 540
299 541
75 542
336 543
90 544
44 545
523 546
69 547
352 548
281 549
336 550
11 551
443 552
112 553
92 554
533 555
86 556
319 557
58 558
265 559
399 560
126 561
393 562
550 563
70 564
406 565
459 566
419 567
13 568
32 569
545 570
475 571
556 572
541 573
51 574
506 575
161 576
310 577
454 578
183 579
382 580
284 581
283 582
476 583
236 584
10 585
432 586
110 587
227 588
534 589
363 590
441 591
543 592
12 593
91 594
493 595
256 596
560 597
117 598
545 599
264 600
431 601
381 602
508 603
319 604
349 605
592 606
326 607
450 608
186 609
469 610
481 611
599 612
413 613
532 614
55 615
548 616
96 617
537 618
9 619
154 620
49 621
181 622
278 623
193 624
488 625
75 626
546 627
78 628
42 629
426 630
130 631
224 632
101 633
164 634
59 635
441 636
282 637
76 638
60 639
560 640
512 641
64 642
515 643
372 644
497 645
108 646
248 647
80 648
289 649
526 650
377 651
342 652
393 653
611 654
448 655
209 656
618 657
114 658
298 659
189 660
10 661
125 662
545 663
344 664
108 665
396 666
313 667
84 668
407 669
454 670
299 671
546 672
47 673
182 674
296 675
200 676
524 677
525 678
304 679
115 680
134 681
127 682
621 683
662 684
626 685
637 686
296 687
97 688
57 689
282 690
38 691
439 692
582 693
153 694
256 695
438 696
234 697
678 698
157 699
597 700
281 701
647 702
216 703
212 704
432 705
384 706
233 707
133 708
653 709
300 710
82 711
459 712
423 713
128 714
579 715
40 716
335 717
69 718
115 719
2 720
430 721
307 722
372 723
693 724
68 725
52 726
590 727
591 728
496 729
465 730
700 731
688 732
424 733
77 734
252 735
445 736
556 737
80 738
382 739
470 740
390 741
497 742
409 743
584 744
188 745
317 746
212 747
44 748
378 749
502 750
126 751
272 752
129 753
333 754
408 755
266 756
221 757
394 758
338 759
657 760
366 761
699 762
99 763
40 764
144 765
422 766
301 767
486 768
328 769
369 770
147 771
119 772
361 773
294 774
593 775
171 776
621 777
689 778
589 779
12 780
621 781
260 782
623 783
73 784
538 785
269 786
755 787
291 788
672 789
733 790
782 791
249 792
339 793
785 794
268 795
285 796
569 797
350 798
329 799
799 800
271 801
116 802
27 803
471 804
279 805
277 806
110 807
435 808
313 809
368 810
360 811
148 812
445 813
534 814
621 815
292 816
81 817
106 818
102 819
544 820
635 821
666 822
71 823
271 824
265 825
348 826
17 827
514 828
514 829
453 830
61 831
646 832
776 833
275 834
126 835
33 836
552 837
479 838
175 839
512 840
234 841
688 842
594 843
586 844
578 845
477 846
769 847
450 848
237 849
699 850
423 851
830 852
280 853
402 854
728 855
404 856
766 857
457 858
595 859
52 860
196 861
524 862
336 863
664 864
58 865
723 866
282 867
717 868
316 869
63 870
659 871
690 872
430 873
58 874
69 875
524 876
423 877
412 878
115 879
105 880
376 881
815 882
73 883
188 884
768 885
329 886
689 887
821 888
675 889
507 890
297 891
143 892
779 893
219 894
500 895
827 896
430 897
798 898
199 899
689 900
478 901
766 902
191 903
878 904
334 905
42 906
804 907
527 908
454 909
807 910
80 911
81 912
792 913
383 914
857 915
485 916
107 917
186 918
67 919
870 920
528 921
106 922
911 923
717 924
387 925
887 926
88 927
616 928
332 929
355 930
102 931
406 932
379 933
850 934
772 935
31 936
905 937
804 938
288 939
376 940
489 941
630 942
684 943
494 944
854 945
867 946
925 947
92 948
505 949
278 950
419 951
713 952
292 953
328 954
140 955
400 956
44 957
464 958
99 959
759 960
60 961
869 962
827 963
792 964
464 965
294 966
488 967
82 968
409 969
811 970
137 971
928 972
273 973
117 974
304 975
309 976
761 977
35 978
28 979
325 980
409 981
364 982
187 983
749 984
281 985
725 986
613 987
517 988
941 989
93 990
705 991
880 992
870 993
853 994
441 995
200 996
438 997
437 998
473 999
174 1000
86183 95091 80342 91562 62255 49960 59020 97103 64818 22542 4773 86581 83264 88973 3365 61573 41554 67536 44021 60845 50210 74535 42626 30079 47726 27814 80892 28047 14329 72324 64280 71064 93130 57725 782 40919 42507 98609 95644 56622 46059 93987 47937 76867 2972 41978 131 82590 67542 52067 5481 86927 92178 54190 97473 15750 91952 76844 8219 84857 9746 3032 14316 44545 15455 75723 57069 41757 34528 21222 93626 86733 54598 47275 57331 67865 26594 44676 54334 47336 53388 72475 74883 8873 59901 25249 42574 91373 87093 80071 45649 36779 51381 76296 87999 65659 69318 77437 87826 57467 24560 88871 19846 51661 88580 63369 24188 90231 73235 69866 85464 30881 49844 26168 27139 84539 57858 95008 64745 48469 348 54743 46172 25349 36387 66740 26448 2244 38367 78451 11613 49425 44315 76212 82752 28397 676 50586 92570 65373 83694 66893 85648 61131 26031 63384 67977 59077 52353 40011 32435 65853 18981 34778 13854 6567 40219 36285 30975 25854 4299 83406 26926 22848 54623 3438 58281 99277 98022 62784 53711 82123 69715 99499 32614 11461 67163 32349 96022 39528 22395 49507 99691 60453 79120 35730 83574 21970 94493 48801 30252 46152 43401 15245 85094 79238 69086 79732 13056 90413 42346 51802 18907 43778 90210 18726 25786 27824 16890 50534 82536 39971 3279 59911 75089 20141 33566 51390 68452 76677 74665 75266 61752 1923 37369 69552 68260 74629 24822 90758 48421 7918 80913 11560 94044 22817 71579 21086 77357 83594 42380 40755 2433 16566 97725 16951 72549 3670 51213 6366 94313 21280 10656 23072 95970 2830 95259 3735 78568 52349 2666 21988 38361 63182 68090 19370 75764 89769 5503 99441 3166 15733 30799 87716 43329 65345 48325 7924 98952 80799 44735 18163 25156 26435 14081 10617 94090 69545 7824 80611 62003 43020 28983 17327 2330 20495 18373 61793 37186 84344 20077 75713 98989 6608 40261 79770 29318 44165 59560 36733 53560 77512 81332 44156 44981 77199 13164 54351 93840 29844 91479 64947 6051 31732 37183 60486 54378 7665 17203 39852 56838 68016 56165 41069 22491 91483 90701 59796 40658 40001 64964 48850 92375 72625 82730 78137 75964 53283 17825 98081 98229 71631 45968 35911 7514 32756 11809 29833 81192 79922 48002 25451 24256 87856 25448 93717 60391 12663 65639 92434 26852 10709 18139 40883 12965 15835 57955 43018 18522 38047 43329 65616 94104 79163 96763 9151 94007 5772 8285 34552 5877 6900 38036 8862 43377 39800 36020 17465 12177 81635 26836 53333 50108 10497 61677 65600 82080 71301 12318 50640 11182 52964 97835 77050 35353 42039 16505 63836 87739 23228 47315 53012 89711 69238 69032 29222 12792 63561 48747 41594 39161 4543 90578 98076 27163 71814 91000 19610 21002 54255 29435 73097 30648 6864 45791 72545 43288 51875 32361 64732 58148 70213 9796 1692 55800 94744 77247 69442 1973 53378 88077 17143 703 43755 94915 4007 45631 14403 15934 13920 72770 61561 5563 22231 57272 88453 4413 14020 19222 31040 75147 32834 60212 86406 89263 35248 39951 22299 37112 43250 69385 58019 82104 84144 7236 39880 14311 75894 80426 97816 22846 21362 91432 8516 605 95546 82415 13858 63558 74403 35346 96556 4799 139 88778 47903 59252 19344 90741 63293 25011 75382 50034 4492 64334 24710 71 4405 77756 82025 93756 74565 54328 93073 43741 84623 10817 70416 53659 6312 73208 41023 18380 47081 61190 29465 66055 1681 13363 24989 2153 40193 57136 28687 76978 8798 28398 69815 33160 45170 67076 10753 2355 2507 73037 78172 60032 63354 52583 20635 13247 31061 23222 94167 7748 90582 37023 43754 3305 67355 8717 85078 80938 39044 44335 69724 36040 97943 65976 28677 31400 90079 78494 55837 2897 35849 70684 44147 98001 50630 74736 23578 75992 69515 30813 88395 62939 308 30346 73056 80914 50077 97089 45211 46555 49479 19217 95805 9461 4281 46988 14223 56101 12509 37354 31037 94005 16095 26341 80246 22448 69041 42779 34925 24199 5034 51374 5691 39792 76866 1095 14907 26497 42359 10191 98156 47513 97675 25397 6259 26584 38468 86827 2902 97697 91179 54537 12002 46943 12109 98952 55653 98430 58973 36616 50165 23565 33680 78410 64456 39555 24576 21911 24761 11447 92873 57975 62410 36038 24143 11835 72988 9713 74678 31700 23993 86428 66697 64441 5194 62032 25268 92997 68673 14457 84841 99735 24977 30985 56927 83664 73777 59892 20334 10905 91100 81426 77716 23034 39796 51649 22227 73027 4314 95552 72689 53479 37592 61844 1431 45180 11671 8839 49907 189 77737 22627 61622 19400 11329 28508 3606 68001 59414 18468 70156 17005 78435 75060 94743 73495 25034 90026 23448 57934 63148 84389 41140 74661 31155 77963 1526 96690 28841 38564 36522 57775 6557 26108 2850 55452 33829 58372 57077 79451 37815 21938 49243 14803 58895 52732 3634 73838 25612 23457 55613 2811 90579 2177 72575 76172 39370 10496 45700 6137 90526 64231 37625 66524 66142 706 32559 62386 93630 17283 24156 68000 54484 20734 12730 20460 4286 45707 35014 19360 88827 71399 32130 22218 92973 91027 24819 20574 84158 86291 41795 47987 12248 75472 29185 56322 36683 42295 24156 7403 89866 89304 62796 65327 56942 46984 12105 26679 28562 97951 32210 7307 4054 56955 31687 68764 60604 45819 8463 97851 74734 30245 83251 67647 44182 19776 80065 68067 94724 52090 74570 12229 32747 71139 69060 14057 39876 241 86153 64276 54410 89914 76662 14865 85821 83165 34924 25935 74431 88857 88691 21441 98618 38132 70546 74045 74744 54006 57177 89822 80329 84139 24439 11298 37825 39493 93540 76940 36087 12631 10072 18595 95719 74619 60882 40977 99792 98605 67954 11877 17367 91310 77791 63218 48610 386 31586 52654 90270 242 89321 96947 20922 72427 61637 84513 98890 7485 83180 98298 14853 92765 7928 45925 57127 16099 24486 44780 82512 71852 22168 75613 94083 93593 55604 76749 13927 47246 65154 5104 28297 7989 34354 10275 87640 47289 12147 6434 55208 75531 79517 40882 83568 56352 36872 13497 3404 65680 10803 8800 17756 67833 98271 78808 29314 81530 59889 29938 94728 217 66387 42277 98936 55806 71891 79756 84130 66421 45730 91430 60506 58447 96726 81780 86039 70242 11913 12063 22773 30916 83224 35695 92884 98644 20421 
4
1000
1 2
1 3
2 4
3 5
1 6
6 7
1 8
6 9
9 10
2 11
2 12
1 13
6 14
2 15
3 16
3 17
12 18
9 19
13 20
7 21
4 22
11 23
23 24
4 25
4 26
18 27
20 28
16 29
26 30
3 31
10 32
16 33
18 34
10 35
19 36
16 37
9 38
18 39
1 40
39 41
9 42
5 43
29 44
10 45
13 46
41 47
29 48
26 49
23 50
23 51
25 52
15 53
5 54
6 55
4 56
5 57
9 58
40 59
55 60
36 61
21 62
52 63
40 64
12 65
36 66
44 67
1 68
11 69
14 70
63 71
4 72
3 73
54 74
29 75
35 76
55 77
68 78
57 79
77 80
4 81
75 82
72 83
12 84
27 85
10 86
82 87
31 88
85 89
77 90
69 91
71 92
79 93
3 94
16 95
78 96
31 97
81 98
44 99
85 100
55 101
67 102
37 103
42 104
89 105
32 106
48 107
59 108
58 109
13 110
8 111
93 112
11 113
72 114
90 115
31 116
32 117
36 118
31 119
62 120
43 121
87 122
20 123
107 124
109 125
121 126
29 127
4 128
51 129
98 130
45 131
107 132
116 133
46 134
25 135
124 136
104 137
46 138
67 139
114 140
140 141
111 142
108 143
49 144
37 145
89 146
52 147
62 148
23 149
28 150
107 151
73 152
111 153
132 154
49 155
129 156
34 157
138 158
126 159
121 160
46 161
39 162
90 163
80 164
98 165
40 166
114 167
138 168
130 169
29 170
169 171
59 172
70 173
95 174
32 175
87 176
172 177
148 178
5 179
98 180
150 181
73 182
165 183
45 184
88 185
66 186
41 187
158 188
74 189
124 190
137 191
15 192
186 193
16 194
122 195
137 196
89 197
170 198
42 199
49 200
6 201
60 202
147 203
17 204
42 205
54 206
123 207
23 208
198 209
156 210
70 211
204 212
18 213
10 214
113 215
28 216
216 217
1 218
202 219
18 220
165 221
134 222
47 223
2 224
158 225
48 226
39 227
167 228
37 229
38 230
101 231
208 232
12 233
105 234
138 235
151 236
30 237
11 238
78 239
27 240
221 241
72 242
48 243
19 244
232 245
41 246
124 247
119 248
102 249
42 250
81 251
141 252
171 253
226 254
3 255
190 256
162 257
239 258
218 259
133 260
86 261
23 262
202 263
148 264
28 265
122 266
180 267
174 268
5 269
27 270
79 271
177 272
136 273
219 274
22 275
46 276
195 277
187 278
95 279
136 280
227 281
2 282
213 283
254 284
264 285
94 286
133 287
232 288
45 289
166 290
89 291
265 292
4 293
18 294
49 295
116 296
118 297
177 298
130 299
279 300
86 301
297 302
211 303
112 304
207 305
179 306
67 307
201 308
194 309
137 310
166 311
98 312
133 313
75 314
1 315
121 316
96 317
197 318
50 319
94 320
41 321
24 322
106 323
179 324
315 325
204 326
295 327
60 328
299 329
15 330
23 331
238 332
195 333
189 334
301 335
307 336
218 337
152 338
279 339
39 340
179 341
21 342
223 343
255 344
5 345
96 346
16 347
96 348
99 349
202 350
114 351
45 352
349 353
349 354
97 355
120 356
243 357
252 358
226 359
327 360
345 361
305 362
190 363
95 364
335 365
85 366
214 367
240 368
65 369
332 370
139 371
280 372
201 373
26 374
117 375
64 376
363 377
185 378
272 379
241 380
130 381
177 382
162 383
303 384
145 385
363 386
98 387
351 388
189 389
344 390
50 391
270 392
249 393
61 394
92 395
367 396
222 397
115 398
39 399
203 400
44 401
166 402
379 403
40 404
4 405
120 406
6 407
294 408
112 409
174 410
164 411
245 412
91 413
226 414
272 415
2 416
334 417
317 418
206 419
68 420
19 421
127 422
215 423
386 424
115 425
317 426
294 427
63 428
188 429
85 430
430 431
238 432
259 433
137 434
429 435
115 436
132 437
93 438
143 439
76 440
90 441
436 442
412 443
334 444
204 445
213 446
49 447
244 448
346 449
114 450
228 451
55 452
411 453
158 454
389 455
222 456
72 457
430 458
17 459
54 460
173 461
99 462
390 463
93 464
414 465
173 466
190 467
123 468
373 469
106 470
377 471
443 472
314 473
182 474
304 475
8 476
67 477
367 478
386 479
322 480
446 481
235 482
229 483
339 484
371 485
45 486
421 487
64 488
350 489
174 490
414 491
485 492
381 493
214 494
369 495
411 496
102 497
324 498
281 499
347 500
439 501
240 502
406 503
287 504
201 505
435 506
489 507
179 508
282 509
494 510
167 511
302 512
258 513
343 514
223 515
313 516
265 517
119 518
222 519
62 520
247 521
200 522
160 523
335 524
72 525
12 526
3 527
56 528
49 529
454 530
358 531
101 532
242 533
369 534
222 535
165 536
470 537
318 538
164 539
37 540
531 541
201 542
320 543
371 544
271 545
249 546
517 547
476 548
468 549
450 550
483 551
515 552
290 553
498 554
339 555
217 556
90 557
342 558
509 559
189 560
184 561
21 562
389 563
211 564
58 565
416 566
271 567
314 568
480 569
353 570
155 571
262 572
384 573
10 574
196 575
21 576
459 577
143 578
316 579
218 580
515 581
353 582
124 583
187 584
422 585
79 586
118 587
515 588
555 589
586 590
560 591
229 592
148 593
514 594
341 595
96 596
252 597
469 598
531 599
555 600
521 601
247 602
150 603
184 604
368 605
66 606
379 607
469 608
447 609
27 610
197 611
512 612
564 613
402 614
114 615
83 616
357 617
341 618
306 619
256 620
488 621
133 622
395 623
303 624
459 625
168 626
128 627
384 628
410 629
512 630
183 631
403 632
504 633
275 634
328 635
362 636
171 637
575 638
482 639
204 640
372 641
358 642
57 643
376 644
566 645
538 646
380 647
253 648
614 649
597 650
552 651
378 652
547 653
484 654
427 655
541 656
455 657
607 658
473 659
292 660
13 661
484 662
408 663
431 664
565 665
80 666
163 667
116 668
597 669
232 670
572 671
214 672
593 673
668 674
22 675
202 676
321 677
388 678
67 679
565 680
537 681
551 682
3 683
559 684
365 685
465 686
92 687
582 688
254 689
331 690
347 691
184 692
634 693
257 694
550 695
79 696
423 697
669 698
284 699
309 700
118 701
659 702
634 703
292 704
189 705
102 706
275 707
372 708
369 709
555 710
642 711
620 712
446 713
598 714
514 715
499 716
227 717
434 718
492 719
255 720
698 721
98 722
135 723
568 724
551 725
568 726
96 727
241 728
488 729
386 730
581 731
350 732
230 733
282 734
593 735
643 736
66 737
500 738
20 739
688 740
678 741
154 742
21 743
132 744
581 745
636 746
690 747
52 748
191 749
562 750
126 751
59 752
354 753
331 754
176 755
510 756
118 757
691 758
58 759
53 760
367 761
590 762
744 763
289 764
669 765
132 766
158 767
528 768
103 769
470 770
22 771
55 772
236 773
491 774
743 775
612 776
766 777
757 778
305 779
556 780
499 781
543 782
34 783
356 784
606 785
557 786
551 787
518 788
393 789
262 790
608 791
286 792
780 793
468 794
58 795
784 796
675 797
728 798
532 799
212 800
116 801
611 802
541 803
266 804
419 805
481 806
626 807
319 808
569 809
449 810
612 811
303 812
450 813
776 814
555 815
622 816
614 817
598 818
67 819
795 820
606 821
67 822
382 823
628 824
8 825
683 826
700 827
562 828
560 829
821 830
730 831
302 832
433 833
710 834
186 835
38 836
383 837
274 838
409 839
503 840
726 841
687 842
115 843
581 844
203 845
214 846
564 847
773 848
722 849
564 850
582 851
438 852
264 853
23 854
605 855
794 856
729 857
547 858
446 859
462 860
61 861
335 862
380 863
576 864
38 865
206 866
858 867
515 868
37 869
256 870
666 871
182 872
709 873
152 874
468 875
268 876
748 877
547 878
98 879
608 880
442 881
147 882
565 883
732 884
3 885
239 886
715 887
109 888
712 889
596 890
646 891
805 892
800 893
279 894
721 895
728 896
91 897
429 898
848 899
721 900
819 901
313 902
530 903
6 904
487 905
229 906
176 907
685 908
780 909
162 910
234 911
897 912
198 913
15 914
726 915
79 916
71 917
245 918
211 919
622 920
661 921
600 922
685 923
347 924
558 925
891 926
587 927
104 928
152 929
870 930
457 931
604 932
667 933
246 934
300 935
233 936
842 937
654 938
180 939
479 940
227 941
862 942
218 943
828 944
462 945
687 946
431 947
659 948
652 949
242 950
199 951
153 952
945 953
109 954
725 955
71 956
296 957
555 958
288 959
574 960
933 961
258 962
111 963
413 964
175 965
843 966
778 967
689 968
583 969
167 970
663 971
824 972
509 973
629 974
729 975
964 976
266 977
211 978
153 979
59 980
726 981
587 982
982 983
315 984
426 985
655 986
103 987
6 988
776 989
234 990
552 991
32 992
522 993
87 994
813 995
561 996
117 997
210 998
956 999
194 1000
41669 13347 39872 64522 36717 61422 44097 67798 78485 16443 53972 57103 81559 11069 4207 13650 36835 55612 70010 53202 2011 45333 81939 25590 53815 7768 82986 11478 82530 61032 43494 93090 80122 57310 5407 45564 7668 15878 66306 21881 16374 92193 7376 2595 49148 8769 71966 89946 22132 15344 24119 44686 67649 90570 14933 22215 74172 76894 77388 45630 12910 93073 93951 5313 26519 88987 50281 86962 34442 58343 42518 1737 44879 16759 19911 81773 54592 11199 19857 97375 66668 8933 68318 69136 39127 64840 58507 12357 42872 12629 91561 21562 4762 31763 53084 60957 12667 82392 1439 30318 22512 25426 84029 91814 8607 22111 42009 41677 57923 20277 44872 58593 36908 90204 58546 37206 56508 97519 436 52913 39115 56126 3233 88140 36356 88206 55868 4246 99494 33239 34751 97168 97348 66437 71384 99952 32102 58585 87751 7585 6469 21829 60097 3297 62835 98515 19920 54210 23376 16031 50193 33802 40150 26776 52020 23347 24078 18979 31935 88780 93401 60760 2571 36470 64424 8930 6886 52424 34564 65507 65808 26539 69319 25135 29758 70494 85441 44172 35482 21747 79796 98936 77440 17584 92408 74787 99298 66992 71608 66257 83494 49727 20851 68025 55363 26242 23803 34985 63719 64428 75002 94911 72148 31178 19208 8657 41534 22648 76534 75590 13999 88649 78535 90011 33475 97572 31313 54015 77324 97057 46208 46552 40175 76848 15348 14332 12709 49907 39134 90264 60540 45822 21734 9836 48211 61182 90760 56269 52289 9520 44339 79362 60527 87589 85065 51463 62553 18212 19713 78509 3953 37000 76968 43800 36956 20030 10716 53632 83251 87177 52303 4273 77891 95454 50186 62314 58894 74600 56712 37378 6184 24644 60663 2206 19994 27270 44794 18012 65090 63826 76617 45644 78673 6564 45807 5586 94412 76330 5995 12453 28396 87012 94192 91602 19774 73994 55782 49850 20228 51238 86150 70320 10961 52246 75554 57820 72049 14956 37914 78971 96095 38734 6696 20284 37453 3798 7285 1188 14752 73618 94882 77515 5904 27429 6688 90814 48620 20420 19608 73659 86357 18074 59172 99095 45247 85861 17300 58459 76275 92119 44298 92835 63343 9142 28958 30878 45316 32092 35963 36368 69430 5560 83776 8115 69888 68139 37024 47570 1198 79051 96962 13133 42241 62276 44866 32984 42191 33426 4878 7068 55840 58664 94953 30804 70962 30252 48076 69456 54582 31256 11808 5814 42544 43547 68069 16380 10875 52694 10734 67664 83459 56032 1699 38416 83849 92706 74142 59506 35202 64763 32110 2941 70328 63422 42647 78478 3016 68271 48592 13588 97507 21097 49508 22644 81837 82939 10642 96070 91969 48102 40588 89398 21419 12097 5531 3493 87084 63766 90682 69829 42777 95170 76151 81792 8444 40761 11029 39825 29170 2111 60588 71657 1003 8656 29031 14316 71406 17145 6885 75730 36466 92316 2937 51335 31782 62448 98539 60394 80682 35199 99989 67890 25427 12518 16166 99396 73291 30457 3746 58686 58895 41500 53951 79472 31791 28395 66762 95645 15473 66931 37792 5599 98479 17879 36022 33600 98740 91532 67154 57505 49603 79453 71151 44855 98256 64872 34972 25929 10053 8702 77214 88148 45503 98119 82474 79879 82318 14524 66380 92392 74424 9355 80642 74093 2998 77399 7137 7523 70070 81781 28560 36106 47992 36529 84264 55478 32529 47462 78906 84400 47243 48041 84201 39283 31234 72639 39755 57808 17608 17858 86093 79243 45122 66881 50892 38812 44202 79709 38108 53230 6251 84876 1957 69987 93576 71513 59233 74574 92469 75586 14431 43288 13691 17305 57411 99644 20217 43972 88644 21643 58910 63550 29581 98376 69904 98451 75005 80812 56136 20935 12646 1924 22291 16016 44657 67662 6035 84279 59801 22432 31292 11707 64172 92833 96087 63631 7789 4014 20226 20151 99028 8886 44142 27886 80461 6366 29216 42947 52021 8574 83857 75447 52576 32034 36847 85057 35733 35690 46617 80043 95120 99275 82150 71122 85535 45035 83134 88617 17222 65417 44447 81783 82876 93459 36378 52372 84235 88909 74452 93776 8404 50577 76070 54028 67016 16586 64925 90847 65264 91639 35003 499 97862 34446 14611 16294 66682 21207 50833 64809 96654 60397 84304 27843 42843 61985 57122 47759 64649 77174 18827 46298 26842 49765 54118 32743 77792 1243 23487 43243 54147 74838 56151 1681 51772 77292 69188 28054 66716 84164 96878 44686 78790 34746 27507 71710 74544 55616 76804 28448 85255 38744 4678 86562 17384 85499 24882 15079 77671 59029 38292 24676 92460 61030 22384 32644 80465 98978 90040 27045 46694 31506 64503 75320 49165 23249 23658 88645 6046 44624 85858 6885 78851 4787 79683 28039 61021 58897 42472 58987 37598 61016 893 52362 59277 56775 67843 82188 76741 32498 10319 63024 83766 64481 9644 58376 7715 22513 27764 23098 194 28338 43963 22880 98239 20871 2596 55081 44089 40265 31882 67958 17571 45765 77113 75965 79141 21465 4850 35529 80569 98139 41418 71353 89870 16850 50059 82749 5512 25498 38546 19260 8766 77029 83375 45360 86970 91061 12040 72104 14813 63491 96343 99941 63128 26171 34792 79934 71252 68957 27419 12540 26571 63357 49256 94430 65869 6212 50742 59095 9724 77997 69186 79755 36433 57257 32703 97782 72437 10044 84816 65156 92295 49757 26383 25658 50620 49850 47114 46700 85563 42289 46177 31204 96541 81208 10761 25794 81876 64631 36812 92726 38656 65609 29158 79848 44027 4830 22505 83536 71022 58172 83323 38654 82937 16537 1523 44884 18288 71458 16383 60711 41273 55319 55137 45857 25103 51917 909 47970 55169 69643 56845 27067 32371 1358 37309 65681 52572 86309 14159 26080 28231 71957 42536 53237 38611 85014 12290 77459 33426 87796 41192 46223 30158 69135 50269 99892 52223 72059 89269 23424 15734 78721 12249 1892 28917 69148 61287 37928 97493 30141 72689 52517 36735 6279 84730 4265 74771 21844 63612 64983 26916 53519 89380 71269 55002 86903 65651 96828 3471 7394 49119 25627 88210 51288 91729 93395 8487 49235 72453 17324 99813 19302 59469 46176 91158 88659 10414 52379 85115 40852 20609 3585 31589 25299 66899 67463 98589 20529 4613 30873 35230 45443 60781 66227 86165 86640 89332 32296 74664 25524 27766 37310 29420 15008 64933 57935 49709 1080 58278 60170 92394 32404 11921 58576 20150 97920 1461 11896 
4
